65771at7898	0	36	361
43682at7898	0	40	396
107441at7898	0	22	223
19146at7898	0	92	735
30729at7898	0	93	542
14217at7898	0	203	815
55820at7898	0	68	589
80648at7898	0	46	456
77243at7898	0	32	320
114186at7898	0	29	228
115486at7898	0	17	174
96610at7898	0	44	242
7534at7898	0	120	1199
101202at7898	0	27	271
82786at7898	0	25	244
74897at7898	0	38	382
68020at7898	0	120	566
105504at7898	0	19	186
45472at7898	0	53	526
64619at7898	0	43	429
63861at7898	0	43	327
48851at7898	0	34	336
96902at7898	0	33	333
103263at7898	0	71	253
26881at7898	0	137	654
104342at7898	0	17	173
31239at7898	0	65	650
124510at7898	0	13	127
132462at7898	0	9	87
124207at7898	0	18	167
5477at7898	0	115	1148
18205at7898	0	72	723
12350at7898	0	111	1106
93921at7898	0	40	255
8936at7898	0	297	1089
15828at7898	0	83	825
112728at7898	0	22	215
90335at7898	0	27	273
715at7898	0	491	3604
34208at7898	0	112	602
4182at7898	0	265	1491
102919at7898	0	26	263
102792at7898	0	20	200
42645at7898	0	42	423
115098at7898	0	16	163
116833at7898	0	18	182
13830at7898	0	112	767
16280at7898	0	75	754
21475at7898	0	69	691
99072at7898	0	25	246
66435at7898	0	45	452
42298at7898	0	92	504
94389at7898	0	23	232
80302at7898	0	29	286
78924at7898	0	31	312
41635at7898	0	46	459
130668at7898	0	7	71
58084at7898	0	43	426
131982at7898	0	14	136
79494at7898	0	47	297
54335at7898	0	36	362
83174at7898	0	37	367
50434at7898	0	42	415
36710at7898	0	53	475
51032at7898	0	40	402
121355at7898	0	15	150
114736at7898	0	20	165
85982at7898	0	30	296
19190at7898	0	79	790
47321at7898	0	48	479
44645at7898	0	48	475
28273at7898	0	89	546
86573at7898	0	27	274
33004at7898	0	58	465
124022at7898	0	15	152
111272at7898	0	26	182
106079at7898	0	25	250
81829at7898	0	24	235
82828at7898	0	30	300
126945at7898	0	17	168
24983at7898	0	124	765
74283at7898	0	51	297
27907at7898	0	59	544
26341at7898	0	57	569
38760at7898	0	56	556
39045at7898	0	59	587
14734at7898	0	101	831
31290at7898	0	59	585
125630at7898	0	11	114
31300at7898	0	52	521
131970at7898	0	9	92
134516at7898	0	6	61
75213at7898	0	43	286
16198at7898	0	142	810
27355at7898	0	63	632
105664at7898	0	22	217
97558at7898	0	50	315
13177at7898	0	136	796
19252at7898	0	131	739
65572at7898	0	34	336
128226at7898	0	13	125
95887at7898	0	23	230
31544at7898	0	65	502
45892at7898	0	73	352
8465at7898	0	227	1258
42987at7898	0	43	428
50606at7898	0	42	418
74002at7898	0	31	312
74961at7898	0	32	320
90540at7898	0	33	228
69156at7898	0	30	296
6715at7898	0	121	1206
31801at7898	0	65	651
66254at7898	0	33	330
38555at7898	0	103	593
97523at7898	0	28	281
75349at7898	0	38	382
124825at7898	0	17	168
79295at7898	0	40	398
103600at7898	0	28	238
32979at7898	0	98	572
61046at7898	0	126	456
92932at7898	0	27	267
14499at7898	0	79	791
26208at7898	0	64	640
102149at7898	0	23	227
125242at7898	0	16	159
45665at7898	0	49	486
60770at7898	0	18	179
110114at7898	0	18	178
9616at7898	0	90	861
101957at7898	0	21	213
68156at7898	0	34	341
48188at7898	0	63	626
123700at7898	0	12	117
94264at7898	0	19	194
34052at7898	0	56	558
30257at7898	0	58	581
39527at7898	0	45	417
114218at7898	0	18	181
59451at7898	0	38	378
77942at7898	0	32	317
81588at7898	0	28	278
82991at7898	0	39	387
129701at7898	0	10	90
65105at7898	0	67	651
42639at7898	0	45	445
55643at7898	0	38	378
34646at7898	0	52	522
118965at7898	0	17	169
27140at7898	0	58	578
102330at7898	0	24	203
46983at7898	0	48	483
128877at7898	0	11	105
18834at7898	0	115	1154
15120at7898	0	95	951
29344at7898	0	77	398
79141at7898	0	33	330
56146at7898	0	45	321
55700at7898	0	45	452
77737at7898	0	36	355
27668at7898	0	66	621
28240at7898	0	64	637
52946at7898	0	39	387
83613at7898	0	26	264
41198at7898	0	57	573
118547at7898	0	16	161
18706at7898	0	72	723
44752at7898	0	46	463
30830at7898	0	61	608
101512at7898	0	28	282
23265at7898	0	79	786
25470at7898	0	79	682
62661at7898	0	36	362
42818at7898	0	49	490
48434at7898	0	45	447
118849at7898	0	17	165
26633at7898	0	108	618
90443at7898	0	26	257
60442at7898	0	46	372
23846at7898	0	64	636
77918at7898	0	31	313
12741at7898	0	199	926
104983at7898	0	25	245
52028at7898	0	43	433
24319at7898	0	140	506
119687at7898	0	12	124
116396at7898	0	20	202
12342at7898	0	92	923
126721at7898	0	15	122
107600at7898	0	19	193
75561at7898	0	33	331
82055at7898	0	68	684
63419at7898	0	39	386
48841at7898	0	42	422
77211at7898	0	34	317
18539at7898	0	65	645
106697at7898	0	27	241
62107at7898	0	38	377
50572at7898	0	39	390
41699at7898	0	67	431
43405at7898	0	82	562
87601at7898	0	30	296
117931at7898	0	13	128
25109at7898	0	134	618
70540at7898	0	36	310
60874at7898	0	41	407
115967at7898	0	27	142
22456at7898	0	71	546
66389at7898	0	39	393
125470at7898	0	11	114
21710at7898	0	80	799
52225at7898	0	43	409
77352at7898	0	95	443
118176at7898	0	16	162
86159at7898	0	25	250
2616at7898	0	184	1842
120510at7898	0	21	206
123220at7898	0	13	105
74998at7898	0	36	358
135578at7898	0	9	90
54111at7898	0	44	439
69512at7898	0	100	513
12431at7898	0	71	714
119924at7898	0	15	147
34146at7898	0	53	533
90476at7898	0	33	283
73755at7898	0	36	358
17114at7898	0	72	723
10116at7898	0	98	983
119807at7898	0	18	136
102373at7898	0	18	179
56014at7898	0	35	353
45750at7898	0	48	413
11823at7898	0	209	922
133853at7898	0	8	79
4922at7898	0	167	1666
14722at7898	0	71	714
77573at7898	0	30	295
53958at7898	0	36	362
114080at7898	0	15	146
60593at7898	0	40	395
1401at7898	0	491	2183
23403at7898	0	113	646
41449at7898	0	48	484
60825at7898	0	105	569
25086at7898	0	59	589
115856at7898	0	20	200
59808at7898	0	40	401
39567at7898	0	54	543
10527at7898	0	214	1009
44215at7898	0	45	449
113998at7898	0	22	215
34939at7898	0	58	578
11567at7898	0	96	956
125163at7898	0	12	119
95831at7898	0	34	340
56978at7898	0	43	425
45739at7898	0	62	618
40400at7898	0	44	437
91550at7898	0	50	503
126654at7898	0	16	158
12457at7898	0	76	735
59240at7898	0	33	333
106865at7898	0	19	191
84054at7898	0	35	352
121682at7898	0	17	141
57801at7898	0	34	341
88417at7898	0	28	259
101536at7898	0	31	306
56659at7898	0	65	649
55131at7898	0	41	405
43456at7898	0	65	645
29175at7898	0	60	595
35376at7898	0	80	626
38188at7898	0	59	466
75459at7898	0	35	346
69827at7898	0	33	328
36674at7898	0	84	517
40090at7898	0	57	566
92372at7898	0	27	273
68104at7898	0	40	404
119097at7898	0	23	229
60170at7898	0	29	294
111694at7898	0	15	153
77285at7898	0	27	271
129557at7898	0	11	112
88988at7898	0	39	306
81450at7898	0	28	278
13849at7898	0	117	717
48181at7898	0	50	499
21311at7898	0	113	678
52194at7898	0	42	421
13571at7898	0	163	823
60934at7898	0	38	376
21164at7898	0	70	695
76643at7898	0	24	237
130597at7898	0	10	99
29790at7898	0	95	602
111683at7898	0	15	150
66361at7898	0	45	287
84791at7898	0	44	296
15407at7898	0	142	788
50153at7898	0	41	406
85113at7898	0	30	299
10135at7898	0	89	887
107928at7898	0	19	178
64369at7898	0	38	382
45170at7898	0	50	495
37003at7898	0	58	577
42805at7898	0	47	465
408at7898	0	709	3305
59863at7898	0	37	369
125998at7898	0	14	143
33076at7898	0	52	512
126796at7898	0	11	107
84226at7898	0	28	281
45743at7898	0	79	791
79685at7898	0	29	286
112565at7898	0	22	216
42323at7898	0	85	544
50121at7898	0	54	542
7222at7898	0	117	1165
81778at7898	0	34	339
26884at7898	0	69	694
79597at7898	0	35	314
70822at7898	0	35	348
61009at7898	0	53	491
70629at7898	0	30	303
11142at7898	0	180	1080
118733at7898	0	15	152
121884at7898	0	14	138
46670at7898	0	75	473
101639at7898	0	26	262
22871at7898	0	70	697
34366at7898	0	89	817
90959at7898	0	27	266
30261at7898	0	32	317
120088at7898	0	27	160
3636at7898	0	262	1507
73441at7898	0	31	310
82002at7898	0	29	293
86472at7898	0	28	279
111418at7898	0	19	190
47181at7898	0	52	517
85507at7898	0	29	293
63521at7898	0	48	476
93434at7898	0	26	262
31675at7898	0	57	571
24164at7898	0	56	540
99331at7898	0	36	216
52670at7898	0	34	335
114226at7898	0	15	148
32578at7898	0	85	611
1667at7898	0	180	1798
120916at7898	0	15	152
104624at7898	0	21	212
100587at7898	0	24	238
35610at7898	0	58	579
58251at7898	0	56	320
91906at7898	0	32	319
134761at7898	0	6	64
84240at7898	0	30	296
46063at7898	0	50	499
59002at7898	0	41	408
115817at7898	0	16	164
93595at7898	0	30	301
70020at7898	0	26	255
92854at7898	0	27	273
33550at7898	0	64	490
80420at7898	0	28	281
98937at7898	0	24	242
75316at7898	0	31	307
75887at7898	0	44	437
27450at7898	0	91	907
49991at7898	0	48	483
51072at7898	0	73	447
104416at7898	0	28	284
134512at7898	0	6	63
101648at7898	0	29	285
83369at7898	0	23	233
132369at7898	0	10	95
17542at7898	0	98	753
34030at7898	0	90	501
70486at7898	0	43	407
35055at7898	0	65	553
60636at7898	0	38	334
94275at7898	0	22	223
123296at7898	0	14	139
109565at7898	0	17	173
42382at7898	0	63	440
135340at7898	0	9	93
50534at7898	0	41	406
54552at7898	0	46	462
86831at7898	0	24	238
51833at7898	0	37	372
57515at7898	0	85	383
34128at7898	0	70	591
46610at7898	0	41	405
19462at7898	0	62	619
46998at7898	0	60	597
116841at7898	0	17	172
94410at7898	0	25	253
71421at7898	0	59	338
92215at7898	0	24	236
63047at7898	0	80	442
24579at7898	0	58	576
51290at7898	0	37	367
104487at7898	0	21	207
46614at7898	0	76	549
72629at7898	0	33	331
75375at7898	0	28	278
83154at7898	0	28	276
131401at7898	0	18	178
74101at7898	0	37	367
81021at7898	0	29	292
104918at7898	0	18	183
105792at7898	0	19	194
53837at7898	0	62	616
47610at7898	0	13	128
67112at7898	0	34	341
71378at7898	0	32	318
131099at7898	0	11	113
30911at7898	0	65	652
101331at7898	0	20	195
124238at7898	0	13	127
85136at7898	0	26	256
69270at7898	0	44	442
78846at7898	0	42	417
75520at7898	0	25	249
134577at7898	0	10	95
120688at7898	0	18	183
92806at7898	0	25	252
106364at7898	0	18	175
75224at7898	0	34	335
74614at7898	0	34	288
125543at7898	0	13	126
11000at7898	0	153	932
102175at7898	0	22	220
88025at7898	0	29	286
47113at7898	0	44	439
117662at7898	0	18	183
127030at7898	0	11	112
131889at7898	0	6	61
29336at7898	0	90	509
35970at7898	0	91	478
90593at7898	0	26	261
81891at7898	0	29	285
53643at7898	0	41	414
17452at7898	0	68	681
121320at7898	0	12	123
97376at7898	0	21	212
48135at7898	0	40	396
81727at7898	0	70	504
97226at7898	0	45	448
27347at7898	0	60	600
121580at7898	0	14	136
118403at7898	0	14	140
44074at7898	0	48	480
113908at7898	0	16	156
109280at7898	0	22	215
86089at7898	0	28	281
112971at7898	0	21	213
118122at7898	0	26	155
110018at7898	0	19	187
50734at7898	0	45	452
79977at7898	0	28	281
90858at7898	0	32	253
113462at7898	0	29	225
52486at7898	0	64	396
109696at7898	0	27	268
124705at7898	0	14	139
49955at7898	0	72	493
67182at7898	0	32	315
126882at7898	0	12	117
64629at7898	0	52	517
107800at7898	0	22	219
103509at7898	0	32	316
109784at7898	0	21	206
55664at7898	0	41	414
132795at7898	0	12	123
48998at7898	0	76	311
46901at7898	0	60	601
82531at7898	0	28	279
64005at7898	0	42	423
78979at7898	0	30	298
46957at7898	0	76	498
115960at7898	0	14	144
74237at7898	0	37	293
46801at7898	0	44	443
86952at7898	0	26	245
55981at7898	0	66	411
48902at7898	0	38	381
128929at7898	0	21	151
104187at7898	0	17	172
90804at7898	0	27	271
102113at7898	0	31	265
131008at7898	0	7	72
104246at7898	0	18	175
99834at7898	0	25	249
101281at7898	0	27	266
72387at7898	0	52	304
95480at7898	0	23	234
33530at7898	0	86	608
29650at7898	0	59	593
45625at7898	0	43	430
59060at7898	0	38	383
57269at7898	0	40	403
57286at7898	0	61	529
61361at7898	0	38	384
82470at7898	0	28	279
119023at7898	0	15	152
121548at7898	0	20	202
105215at7898	0	24	243
48584at7898	0	69	434
66413at7898	0	41	413
48412at7898	0	68	676
55979at7898	0	39	393
14212at7898	0	77	769
57879at7898	0	41	386
84745at7898	0	55	282
109536at7898	0	22	212
54243at7898	0	31	305
56514at7898	0	69	387
10419at7898	0	129	820
25155at7898	0	70	699
102999at7898	0	21	209
40078at7898	0	53	534
98370at7898	0	25	253
49989at7898	0	44	440
100311at7898	0	23	229
95592at7898	0	49	317
34012at7898	0	49	489
53363at7898	0	57	490
116094at7898	0	17	170
49455at7898	0	55	407
124297at7898	0	13	128
64699at7898	0	40	384
43547at7898	0	46	457
28802at7898	0	65	648
94808at7898	0	26	258
69072at7898	0	43	285
70309at7898	0	61	360
57547at7898	0	51	438
61540at7898	0	39	386
92153at7898	0	25	233
87269at7898	0	28	261
6976at7898	0	113	1129
35980at7898	0	51	513
47728at7898	0	100	549
10205at7898	0	263	956
32087at7898	0	55	547
61971at7898	0	36	363
54133at7898	0	43	425
4232at7898	0	192	1518
82094at7898	0	35	297
70097at7898	0	38	381
47446at7898	0	41	410
26267at7898	0	107	767
77483at7898	0	28	282
31760at7898	0	67	673
32570at7898	0	119	584
69392at7898	0	46	315
36188at7898	0	49	490
3849at7898	0	145	1450
56207at7898	0	41	410
65702at7898	0	72	402
46703at7898	0	56	562
2390at7898	0	168	1680
35771at7898	0	59	588
5033at7898	0	114	1144
103806at7898	0	24	238
37053at7898	0	53	530
32498at7898	0	68	679
83172at7898	0	35	306
51082at7898	0	48	477
132707at7898	0	9	85
16429at7898	0	68	680
14089at7898	0	173	739
55076at7898	0	56	397
118146at7898	0	20	197
67503at7898	0	28	284
55361at7898	0	37	369
73854at7898	0	38	379
112848at7898	0	19	170
82299at7898	0	45	381
30773at7898	0	111	576
128010at7898	0	18	180
62815at7898	0	43	427
113676at7898	0	19	190
115717at7898	0	17	165
55347at7898	0	56	560
28764at7898	0	83	462
84136at7898	0	28	284
72539at7898	0	32	318
16828at7898	0	166	756
11981at7898	0	87	866
99238at7898	0	21	207
53955at7898	0	42	424
1502at7898	0	375	2063
107599at7898	0	13	129
66216at7898	0	44	437
68888at7898	0	40	311
106669at7898	0	23	225
83257at7898	0	27	267
71133at7898	0	29	285
68752at7898	0	39	385
80823at7898	0	30	304
4029at7898	0	216	985
135504at7898	0	7	65
78568at7898	0	34	335
57759at7898	0	36	359
41165at7898	0	75	481
59457at7898	0	41	354
131078at7898	0	10	100
100113at7898	0	28	223
2748at7898	0	128	1275
18660at7898	0	84	839
3878at7898	0	198	1101
55416at7898	0	46	458
58605at7898	0	42	378
38408at7898	0	48	475
119842at7898	0	20	200
122499at7898	0	15	148
75718at7898	0	90	360
77986at7898	0	39	386
96316at7898	0	38	384
42840at7898	0	49	485
61355at7898	0	40	395
95285at7898	0	24	244
38664at7898	0	51	511
87913at7898	0	31	309
50635at7898	0	37	366
75864at7898	0	54	332
83781at7898	0	32	317
52207at7898	0	42	419
73616at7898	0	52	346
33200at7898	0	52	516
108024at7898	0	17	169
79409at7898	0	37	348
63087at7898	0	38	379
104862at7898	0	23	234
43568at7898	0	43	430
101724at7898	0	24	242
85945at7898	0	25	251
113016at7898	0	16	163
68368at7898	0	35	350
90550at7898	0	24	242
34525at7898	0	62	623
80939at7898	0	27	274
49242at7898	0	63	502
39604at7898	0	46	459
33023at7898	0	79	513
22148at7898	0	24	241
10671at7898	0	113	1127
47326at7898	0	42	423
117097at7898	0	21	213
87301at7898	0	28	278
36771at7898	0	54	535
49285at7898	0	70	422
81580at7898	0	70	418
103587at7898	0	23	225
6305at7898	0	218	993
103041at7898	0	24	236
108469at7898	0	20	204
37797at7898	0	61	506
63212at7898	0	43	431
58698at7898	0	37	366
7042at7898	0	100	998
32014at7898	0	72	717
98322at7898	0	21	207
47766at7898	0	42	423
52264at7898	0	41	346
79738at7898	0	26	257
118207at7898	0	17	173
85281at7898	0	30	302
96419at7898	0	27	270
45431at7898	0	46	463
65323at7898	0	34	339
92607at7898	0	25	252
13461at7898	0	195	762
98050at7898	0	60	367
113135at7898	0	15	146
111238at7898	0	36	134
52022at7898	0	40	403
76909at7898	0	17	133
19387at7898	0	65	649
121894at7898	0	14	137
120169at7898	0	13	127
123912at7898	0	15	146
110364at7898	0	17	170
45133at7898	0	44	439
127196at7898	0	11	112
9519at7898	0	97	969
78170at7898	0	28	278
36541at7898	0	49	492
58768at7898	0	38	379
69485at7898	0	28	280
91597at7898	0	23	226
41404at7898	0	51	506
23590at7898	0	95	672
83180at7898	0	30	300
30146at7898	0	62	622
106763at7898	0	20	195
130857at7898	0	9	94
16290at7898	0	87	874
87714at7898	0	25	247
52613at7898	0	33	331
119161at7898	0	13	128
62045at7898	0	76	351
19432at7898	0	79	790
49767at7898	0	48	483
47571at7898	0	39	371
123053at7898	0	13	129
30503at7898	0	61	576
118107at7898	0	19	189
128240at7898	0	11	105
52035at7898	0	44	440
129565at7898	0	11	105
112499at7898	0	35	279
36136at7898	0	51	507
122208at7898	0	15	147
11957at7898	0	82	508
124975at7898	0	13	127
19695at7898	0	84	836
124382at7898	0	18	138
19460at7898	0	53	530
50022at7898	0	54	374
80086at7898	0	29	294
124008at7898	0	14	142
110001at7898	0	19	191
63964at7898	0	40	403
22459at7898	0	80	798
23678at7898	0	86	860
109796at7898	0	22	223
68985at7898	0	34	341
90099at7898	0	21	211
18976at7898	0	75	751
53840at7898	0	37	369
26240at7898	0	56	557
113824at7898	0	22	215
46016at7898	0	56	563
93126at7898	0	36	363
39031at7898	0	50	504
36611at7898	0	52	522
29433at7898	0	79	510
97818at7898	0	20	204
79884at7898	0	36	360
6557at7898	0	217	1420
62528at7898	0	73	568
99125at7898	0	62	355
43038at7898	0	70	601
82529at7898	0	26	259
43559at7898	0	50	500
108624at7898	0	25	207
13582at7898	0	199	855
78081at7898	0	40	296
117272at7898	0	18	179
37770at7898	0	49	494
120332at7898	0	23	204
1123at7898	0	230	2301
41822at7898	0	60	598
53140at7898	0	41	409
93712at7898	0	26	263
68353at7898	0	35	354
86692at7898	0	26	258
90390at7898	0	39	283
89919at7898	0	25	249
56989at7898	0	44	437
103362at7898	0	24	237
103317at7898	0	25	220
102726at7898	0	24	242
40551at7898	0	47	467
72822at7898	0	58	307
54681at7898	0	62	447
91919at7898	0	33	333
87566at7898	0	27	234
70161at7898	0	33	331
91348at7898	0	34	262
104115at7898	0	21	209
62445at7898	0	67	542
34736at7898	0	110	699
52268at7898	0	44	436
61762at7898	0	47	473
17559at7898	0	69	690
64605at7898	0	43	430
130300at7898	0	9	86
19659at7898	0	81	809
102866at7898	0	23	233
114443at7898	0	22	221
101634at7898	0	27	176
28509at7898	0	65	648
23202at7898	0	71	421
20932at7898	0	70	695
23603at7898	0	84	683
83982at7898	0	26	259
33359at7898	0	56	557
73791at7898	0	30	300
44197at7898	0	45	446
18223at7898	0	61	610
46188at7898	0	45	448
47247at7898	0	54	322
63097at7898	0	41	407
75769at7898	0	31	313
27050at7898	0	91	640
127943at7898	0	25	183
105637at7898	0	19	193
52462at7898	0	46	460
134546at7898	0	6	62
46897at7898	0	57	572
81807at7898	0	42	419
59004at7898	0	43	431
6141at7898	0	239	1239
42181at7898	0	68	495
18897at7898	0	90	903
36551at7898	0	99	497
94747at7898	0	25	239
103032at7898	0	20	201
86776at7898	0	34	322
4483at7898	0	146	1462
96879at7898	0	29	287
73111at7898	0	50	302
99003at7898	0	18	184
19930at7898	0	90	615
832at7898	0	435	2515
73915at7898	0	33	329
31960at7898	0	55	547
128459at7898	0	17	143
91626at7898	0	26	264
43540at7898	0	47	465
54535at7898	0	47	432
61720at7898	0	39	386
65100at7898	0	49	488
13941at7898	0	86	856
114087at7898	0	20	198
42866at7898	0	43	427
128315at7898	0	6	64
75370at7898	0	37	374
128214at7898	0	8	79
112561at7898	0	18	178
42139at7898	0	48	477
71757at7898	0	37	360
79073at7898	0	28	282
124545at7898	0	12	122
14047at7898	0	92	924
98679at7898	0	20	202
74786at7898	0	68	398
39521at7898	0	80	456
20216at7898	0	120	715
54338at7898	0	38	380
96723at7898	0	19	186
112814at7898	0	19	192
77302at7898	0	28	279
128021at7898	0	19	190
59587at7898	0	51	506
36633at7898	0	57	574
73299at7898	0	39	339
84009at7898	0	27	269
1262at7898	0	425	2203
6936at7898	0	112	1123
34290at7898	0	90	493
86317at7898	0	26	263
20926at7898	0	77	742
71169at7898	0	47	303
27286at7898	0	168	630
78102at7898	0	34	343
25370at7898	0	61	610
74883at7898	0	71	359
18717at7898	0	72	721
69870at7898	0	41	412
36730at7898	0	69	469
82384at7898	0	33	334
131304at7898	0	25	183
49376at7898	0	55	467
43055at7898	0	79	426
113189at7898	0	22	175
66845at7898	0	81	459
51746at7898	0	105	1049
9402at7898	0	164	921
96643at7898	0	28	282
102160at7898	0	25	253
85468at7898	0	27	266
59062at7898	0	20	202
95953at7898	0	31	313
81091at7898	0	32	316
106052at7898	0	25	245
123914at7898	0	14	142
126339at7898	0	10	99
66233at7898	0	29	289
78769at7898	0	32	317
31398at7898	0	72	579
119932at7898	0	17	168
43577at7898	0	61	614
125596at7898	0	16	162
66765at7898	0	47	471
85850at7898	0	26	263
91826at7898	0	26	263
66902at7898	0	34	341
41490at7898	0	47	471
71996at7898	0	29	288
117426at7898	0	18	147
26137at7898	0	86	762
103286at7898	0	19	191
86473at7898	0	36	282
10731at7898	0	85	852
115115at7898	0	21	145
64930at7898	0	45	353
130095at7898	0	8	77
104439at7898	0	24	192
3909at7898	0	340	1275
126340at7898	0	10	99
127314at7898	0	12	122
93918at7898	0	31	246
15559at7898	0	89	752
76092at7898	0	34	342
86250at7898	0	32	318
111451at7898	0	22	222
130369at7898	0	44	444
54202at7898	0	39	394
49044at7898	0	44	443
76303at7898	0	31	313
121382at7898	0	34	335
4849at7898	0	136	1358
111932at7898	0	24	237
107562at7898	0	27	151
180at7898	0	918	3922
111255at7898	0	18	177
117126at7898	0	14	141
5588at7898	0	271	1470
9138at7898	0	83	829
90936at7898	0	24	238
41507at7898	0	45	454
8276at7898	0	115	1154
78028at7898	0	29	291
101472at7898	0	21	208
24372at7898	0	71	710
12211at7898	0	108	1077
39541at7898	0	50	498
35759at7898	0	47	466
59814at7898	0	41	407
12679at7898	0	91	914
80377at7898	0	28	280
132309at7898	0	8	80
53313at7898	0	34	337
121198at7898	0	17	167
101339at7898	0	20	202
104716at7898	0	17	170
14694at7898	0	76	763
72790at7898	0	46	463
41156at7898	0	47	472
49806at7898	0	81	393
82596at7898	0	32	317
46381at7898	0	48	475
102349at7898	0	67	595
65517at7898	0	43	410
37681at7898	0	56	560
13421at7898	0	82	821
27263at7898	0	86	555
96775at7898	0	47	276
2212at7898	0	505	2263
92290at7898	0	32	320
32755at7898	0	71	705
89471at7898	0	30	302
35842at7898	0	81	587
47068at7898	0	45	451
80687at7898	0	25	248
135495at7898	0	5	51
52576at7898	0	51	514
55439at7898	0	47	470
21366at7898	0	66	662
89316at7898	0	25	247
17380at7898	0	83	825
24684at7898	0	61	605
95156at7898	0	20	198
68538at7898	0	38	381
115592at7898	0	15	154
106718at7898	0	35	268
124143at7898	0	13	134
6222at7898	0	361	1203
120849at7898	0	16	155
116988at7898	0	19	186
59716at7898	0	39	387
8356at7898	0	104	1042
32233at7898	0	44	435
68018at7898	0	39	390
45019at7898	0	48	475
38080at7898	0	77	530
108610at7898	0	22	216
125052at7898	0	11	109
31735at7898	0	94	569
68954at7898	0	40	388
83204at7898	0	38	384
107345at7898	0	17	172
52085at7898	0	65	529
130517at7898	0	10	101
52956at7898	0	42	421
30615at7898	0	91	547
127020at7898	0	11	105
50305at7898	0	39	387
90704at7898	0	24	244
127129at7898	0	13	93
51775at7898	0	42	418
126841at7898	0	10	98
86435at7898	0	30	234
111533at7898	0	23	215
133707at7898	0	7	71
81742at7898	0	27	271
4629at7898	0	128	1284
44744at7898	0	41	413
80457at7898	0	27	274
91529at7898	0	27	266
40289at7898	0	51	512
19515at7898	0	86	697
716at7898	0	248	2483
36804at7898	0	45	449
76563at7898	0	28	284
82818at7898	0	28	280
14739at7898	0	92	922
63010at7898	0	38	377
60611at7898	0	91	490
60045at7898	0	36	361
110305at7898	0	20	196
103687at7898	0	22	223
123839at7898	0	19	185
99608at7898	0	30	220
83539at7898	0	48	317
24514at7898	0	65	647
76582at7898	0	42	423
102665at7898	0	39	385
105408at7898	0	19	185
45773at7898	0	45	448
112649at7898	0	17	174
97601at7898	0	20	200
134535at7898	0	9	93
19620at7898	0	153	730
129827at7898	0	10	99
49711at7898	0	97	448
81095at7898	0	63	249
97426at7898	0	29	291
127516at7898	0	11	113
62562at7898	0	35	345
60128at7898	0	51	511
71390at7898	0	45	327
96704at7898	0	18	178
95105at7898	0	32	318
109741at7898	0	16	164
61172at7898	0	45	408
126039at7898	0	12	120
118071at7898	0	13	128
85407at7898	0	25	252
94084at7898	0	25	248
48723at7898	0	40	402
36704at7898	0	54	544
44967at7898	0	41	414
17053at7898	0	81	805
86889at7898	0	34	344
8300at7898	0	85	847
107030at7898	0	18	182
27655at7898	0	61	608
117726at7898	0	14	137
42186at7898	0	42	416
90498at7898	0	29	286
94267at7898	0	24	238
28878at7898	0	73	728
57468at7898	0	71	363
37662at7898	0	51	509
126612at7898	0	12	121
48718at7898	0	42	418
21496at7898	0	79	631
40905at7898	0	121	658
4363at7898	0	306	1708
124088at7898	0	13	125
105898at7898	0	19	194
48205at7898	0	40	400
107943at7898	0	25	210
42602at7898	0	63	631
19288at7898	0	100	787
115835at7898	0	18	178
55390at7898	0	52	398
30213at7898	0	58	581
51039at7898	0	42	423
103297at7898	0	21	213
64669at7898	0	37	374
9258at7898	0	118	1183
11282at7898	0	263	1063
29262at7898	0	69	688
79325at7898	0	29	294
125424at7898	0	18	180
115431at7898	0	21	211
134110at7898	0	8	78
35445at7898	0	44	438
96913at7898	0	32	317
46090at7898	0	55	549
85116at7898	0	29	289
39050at7898	0	63	423
112965at7898	0	20	200
63996at7898	0	41	376
79085at7898	0	55	488
52286at7898	0	60	399
65471at7898	0	35	354
52394at7898	0	43	431
132458at7898	0	8	77
88905at7898	0	27	273
53541at7898	0	50	503
20688at7898	0	107	707
32227at7898	0	61	609
65727at7898	0	35	350
45918at7898	0	72	415
122740at7898	0	7	72
88541at7898	0	24	242
101781at7898	0	25	183
56355at7898	0	126	511
130768at7898	0	20	137
125076at7898	0	12	120
118953at7898	0	16	156
118589at7898	0	20	203
104965at7898	0	25	247
107116at7898	0	22	217
62090at7898	0	34	344
41715at7898	0	48	441
8448at7898	0	107	1070
73036at7898	0	33	329
132835at7898	0	9	86
84320at7898	0	26	256
19403at7898	0	69	691
116241at7898	0	18	175
93244at7898	0	37	295
131018at7898	0	11	112
94117at7898	0	29	285
51181at7898	0	40	404
101372at7898	0	23	231
88672at7898	0	26	263
43179at7898	0	53	531
55833at7898	0	39	393
93913at7898	0	27	270
92283at7898	0	31	314
5661at7898	0	136	1361
32215at7898	0	54	540
71872at7898	0	35	350
31204at7898	0	72	561
70428at7898	0	34	337
97489at7898	0	25	246
92875at7898	0	38	383
48014at7898	0	70	460
41729at7898	0	58	582
94434at7898	0	27	268
64834at7898	0	67	668
77799at7898	0	33	332
24667at7898	0	69	690
13497at7898	0	196	867
15437at7898	0	77	768
130910at7898	0	17	121
20387at7898	0	48	478
24246at7898	0	59	594
81689at7898	0	30	304
92561at7898	0	24	242
109749at7898	0	20	198
52911at7898	0	41	407
15025at7898	0	76	761
30838at7898	0	139	575
134357at7898	0	10	104
52635at7898	0	44	438
99554at7898	0	36	278
77064at7898	0	27	266
116465at7898	0	15	149
35185at7898	0	92	628
99467at7898	0	29	253
107468at7898	0	22	215
65752at7898	0	55	343
92891at7898	0	44	436
112980at7898	0	21	206
35870at7898	0	71	580
106078at7898	0	26	262
86078at7898	0	34	189
18671at7898	0	130	876
33187at7898	0	57	567
17266at7898	0	133	632
70501at7898	0	61	405
29649at7898	0	64	640
3668at7898	0	230	1290
82651at7898	0	22	223
103648at7898	0	35	353
1539at7898	0	184	1836
118342at7898	0	20	201
64281at7898	0	45	359
112661at7898	0	18	181
72157at7898	0	39	272
99805at7898	0	22	223
41297at7898	0	48	477
5604at7898	0	120	1197
31462at7898	0	55	545
83862at7898	0	30	297
10259at7898	0	131	724
104305at7898	0	32	324
40411at7898	0	48	475
93310at7898	0	48	221
134401at7898	0	8	84
36718at7898	0	55	554
100486at7898	0	33	268
71633at7898	0	33	334
83521at7898	0	70	333
59429at7898	0	39	387
49671at7898	0	39	393
17406at7898	0	109	721
64at7898	0	956	4723
102273at7898	0	27	224
23616at7898	0	62	624
115058at7898	0	21	205
64151at7898	0	71	356
58870at7898	0	31	309
90567at7898	0	26	257
69527at7898	0	37	367
91300at7898	0	41	409
38353at7898	0	57	496
65018at7898	0	53	368
90238at7898	0	30	296
95940at7898	0	20	204
75241at7898	0	72	311
56407at7898	0	40	401
69526at7898	0	32	321
84717at7898	0	26	261
17288at7898	0	133	767
124811at7898	0	15	153
76809at7898	0	68	419
103588at7898	0	22	218
117480at7898	0	20	203
81897at7898	0	28	282
120168at7898	0	20	198
37128at7898	0	53	438
1709at7898	0	189	1889
69896at7898	0	45	444
41043at7898	0	50	459
51788at7898	0	45	445
37282at7898	0	49	492
32659at7898	0	61	610
97941at7898	0	26	257
67813at7898	0	91	491
60060at7898	0	38	378
37228at7898	0	52	521
101485at7898	0	22	220
26448at7898	0	83	834
51384at7898	0	36	356
38237at7898	0	56	556
84879at7898	0	30	301
75433at7898	0	32	322
13829at7898	0	116	1163
132908at7898	0	8	75
67838at7898	0	56	336
106489at7898	0	86	426
92459at7898	0	27	263
59825at7898	0	37	374
77670at7898	0	31	307
59787at7898	0	37	371
60550at7898	0	82	359
707at7898	0	346	1608
104188at7898	0	21	209
57505at7898	0	40	403
8889at7898	0	173	869
102483at7898	0	22	216
60061at7898	0	38	375
59450at7898	0	41	414
107421at7898	0	22	224
68036at7898	0	29	285
85744at7898	0	26	255
4817at7898	0	131	1312
32798at7898	0	59	585
65857at7898	0	33	310
43980at7898	0	63	625
44423at7898	0	49	438
64323at7898	0	56	564
25785at7898	0	58	578
46278at7898	0	62	618
50192at7898	0	39	394
43319at7898	0	47	465
93951at7898	0	30	304
122218at7898	0	17	167
64475at7898	0	45	393
49815at7898	0	40	399
31210at7898	0	101	546
128163at7898	0	16	162
30241at7898	0	56	558
8271at7898	0	311	1260
97170at7898	0	19	190
72743at7898	0	57	266
12295at7898	0	101	1010
23586at7898	0	108	689
25239at7898	0	62	622
63404at7898	0	42	416
83343at7898	0	27	265
78035at7898	0	32	315
81846at7898	0	30	296
2721at7898	0	141	1220
17619at7898	0	81	808
394at7898	0	825	2750
108742at7898	0	26	256
91030at7898	0	34	284
30247at7898	0	59	591
84884at7898	0	27	267
25888at7898	0	61	595
30391at7898	0	59	591
49590at7898	0	43	425
55115at7898	0	54	462
81527at7898	0	36	248
111053at7898	0	23	205
12367at7898	0	85	854
88370at7898	0	22	218
39444at7898	0	50	495
92136at7898	0	30	304
82052at7898	0	77	556
128391at7898	0	13	133
48968at7898	0	41	413
107099at7898	0	21	184
123204at7898	0	12	123
36450at7898	0	61	611
12069at7898	0	100	1001
41149at7898	0	47	470
61525at7898	0	39	387
98440at7898	0	23	234
2355at7898	0	182	1819
132357at7898	0	8	78
38890at7898	0	60	603
102955at7898	0	24	194
121111at7898	0	14	136
57262at7898	0	47	405
86475at7898	0	27	273
55145at7898	0	43	426
54068at7898	0	145	568
121209at7898	0	27	192
99429at7898	0	24	235
56031at7898	0	37	366
78990at7898	0	28	282
24802at7898	0	66	656
15796at7898	0	125	735
100096at7898	0	25	253
46855at7898	0	41	412
133855at7898	0	6	59
115074at7898	0	25	248
68691at7898	0	35	353
107811at7898	0	18	181
113029at7898	0	16	156
74231at7898	0	30	304
21470at7898	0	66	661
69518at7898	0	67	669
32216at7898	0	57	570
23025at7898	0	111	383
125731at7898	0	11	109
100873at7898	0	22	216
59015at7898	0	46	456
68702at7898	0	33	327
15860at7898	0	80	798
130413at7898	0	10	100
85072at7898	0	39	388
82962at7898	0	38	300
133890at7898	0	9	93
63612at7898	0	60	487
20181at7898	0	74	735
95905at7898	0	27	272
52830at7898	0	70	467
3036at7898	0	155	1546
131820at7898	0	9	88
126482at7898	0	14	136
1955at7898	0	354	1708
24588at7898	0	116	714
60747at7898	0	37	366
41899at7898	0	47	466
31814at7898	0	77	768
110040at7898	0	30	239
48964at7898	0	44	440
57116at7898	0	56	322
73204at7898	0	43	428
69938at7898	0	35	350
55551at7898	0	53	399
90348at7898	0	27	266
65997at7898	0	43	425
124736at7898	0	15	148
125769at7898	0	14	143
112092at7898	0	25	253
88968at7898	0	29	290
8043at7898	0	91	908
83977at7898	0	26	257
133304at7898	0	10	102
77607at7898	0	36	326
117446at7898	0	17	165
86423at7898	0	16	96
103793at7898	0	31	232
113413at7898	0	18	176
32760at7898	0	70	495
59187at7898	0	38	380
50851at7898	0	62	524
38019at7898	0	49	485
91651at7898	0	24	243
3601at7898	0	148	1481
56534at7898	0	64	487
119441at7898	0	26	215
75653at7898	0	30	299
63885at7898	0	65	400
62949at7898	0	37	365
124451at7898	0	15	152
14306at7898	0	217	757
32881at7898	0	53	528
118274at7898	0	22	223
81616at7898	0	24	244
53013at7898	0	77	463
82758at7898	0	27	269
114876at7898	0	20	192
106003at7898	0	20	204
105135at7898	0	76	252
17983at7898	0	81	807
69068at7898	0	30	303
25061at7898	0	66	664
117314at7898	0	20	201
108608at7898	0	23	227
6349at7898	0	114	1143
81780at7898	0	30	304
2589at7898	0	295	1546
8836at7898	0	110	1096
63053at7898	0	79	405
43181at7898	0	51	511
28456at7898	0	74	656
132329at7898	0	11	107
126676at7898	0	11	110
88282at7898	0	26	260
15609at7898	0	76	759
17259at7898	0	79	794
112996at7898	0	16	162
11782at7898	0	102	1018
67763at7898	0	38	278
52658at7898	0	39	391
94542at7898	0	27	268
40708at7898	0	90	554
122828at7898	0	22	220
107772at7898	0	19	189
16351at7898	0	84	842
66132at7898	0	45	447
12769at7898	0	83	833
70703at7898	0	50	406
84084at7898	0	26	263
125009at7898	0	14	137
22427at7898	0	179	599
44946at7898	0	76	761
61957at7898	0	33	333
9151at7898	0	85	854
20073at7898	0	72	715
125089at7898	0	13	134
63846at7898	0	34	335
50170at7898	0	42	325
114729at7898	0	14	138
14672at7898	0	117	928
59132at7898	0	34	341
89663at7898	0	27	271
102171at7898	0	24	236
37811at7898	0	55	553
2763at7898	0	173	1728
49357at7898	0	72	414
7928at7898	0	163	961
7677at7898	0	103	1031
103364at7898	0	27	225
44927at7898	0	53	527
33728at7898	0	59	585
69855at7898	0	41	342
75084at7898	0	48	297
33985at7898	0	57	571
64933at7898	0	33	329
8815at7898	0	110	1099
129071at7898	0	9	94
24888at7898	0	65	647
52757at7898	0	40	396
69609at7898	0	30	297
113789at7898	0	16	158
132289at7898	0	8	76
44394at7898	0	51	514
120503at7898	0	18	177
95284at7898	0	23	230
123149at7898	0	15	153
17573at7898	0	73	728
119369at7898	0	16	156
4012at7898	0	166	1655
93711at7898	0	24	244
74968at7898	0	34	335
96364at7898	0	25	232
41033at7898	0	56	564
105551at7898	0	22	221
135748at7898	0	7	72
49124at7898	0	43	431
85264at7898	0	29	291
119561at7898	0	35	236
12718at7898	0	111	765
54064at7898	0	93	597
53961at7898	0	42	418
108007at7898	0	30	299
108975at7898	0	23	226
43649at7898	0	83	419
70475at7898	0	33	328
115483at7898	0	20	196
98367at7898	0	35	257
121263at7898	0	17	170
28452at7898	0	75	589
100034at7898	0	29	224
112608at7898	0	25	251
118960at7898	0	16	160
7715at7898	0	107	1069
102089at7898	0	31	211
301at7898	0	400	4004
34056at7898	0	54	544
43229at7898	0	48	478
97401at7898	0	52	298
135640at7898	0	5	51
75231at7898	0	31	307
126273at7898	0	13	125
88065at7898	0	30	301
17939at7898	0	73	728
19724at7898	0	72	715
128252at7898	0	7	65
75861at7898	0	34	338
118484at7898	0	17	165
111756at7898	0	13	134
44796at7898	0	45	450
11847at7898	0	93	932
32448at7898	0	56	559
86651at7898	0	32	316
65925at7898	0	37	371
125755at7898	0	15	147
136365at7898	0	4	35
61643at7898	0	40	395
126847at7898	0	11	106
61459at7898	0	41	414
119602at7898	0	17	168
29013at7898	0	60	596
57445at7898	0	49	491
44169at7898	0	47	467
102960at7898	0	20	203
118434at7898	0	15	153
24958at7898	0	91	909
36795at7898	0	59	504
82413at7898	0	57	353
49255at7898	0	63	625
88955at7898	0	29	288
38021at7898	0	51	508
74383at7898	0	33	327
66742at7898	0	40	403
102845at7898	0	31	217
76827at7898	0	31	314
58455at7898	0	37	373
14674at7898	0	158	856
124360at7898	0	11	113
35349at7898	0	56	555
57930at7898	0	36	364
32851at7898	0	89	574
31074at7898	0	57	573
76295at7898	0	32	316
59743at7898	0	79	789
110738at7898	0	18	180
128161at7898	0	15	150
91924at7898	0	48	381
38885at7898	0	56	562
49920at7898	0	44	443
16543at7898	0	73	728
13972at7898	0	127	693
85318at7898	0	30	298
13400at7898	0	100	1000
28973at7898	0	102	563
56375at7898	0	36	360
122857at7898	0	11	112
5794at7898	0	92	924
127931at7898	0	17	167
118095at7898	0	19	190
89267at7898	0	25	254
5022at7898	0	122	1216
129070at7898	0	12	118
117934at7898	0	15	153
68994at7898	0	33	330
35350at7898	0	53	527
12984at7898	0	216	1069
50194at7898	0	40	401
48560at7898	0	54	542
92236at7898	0	24	243
65610at7898	0	36	356
124058at7898	0	13	130
53828at7898	0	104	534
131160at7898	0	10	103
67432at7898	0	29	287
76622at7898	0	31	314
22114at7898	0	88	607
132325at7898	0	10	97
122116at7898	0	17	173
54628at7898	0	42	421
37392at7898	0	81	524
51014at7898	0	58	578
75179at7898	0	32	299
77122at7898	0	59	348
22371at7898	0	78	777
107921at7898	0	18	180
81606at7898	0	28	283
62527at7898	0	49	490
63647at7898	0	31	311
18193at7898	0	105	700
101232at7898	0	21	206
43858at7898	0	51	397
79676at7898	0	31	308
101741at7898	0	26	256
89829at7898	0	21	199
92296at7898	0	35	352
80818at7898	0	30	301
48073at7898	0	44	440
80702at7898	0	31	308
124234at7898	0	13	127
102409at7898	0	26	260
37182at7898	0	39	391
41275at7898	0	63	628
74932at7898	0	41	299
75762at7898	0	30	300
8999at7898	0	137	1371
41171at7898	0	54	537
81242at7898	0	34	344
97971at7898	0	23	228
53580at7898	0	58	203
87559at7898	0	26	261
86874at7898	0	31	306
38558at7898	0	60	599
81625at7898	0	40	283
62890at7898	0	34	344
6383at7898	0	119	1191
37224at7898	0	54	486
70552at7898	0	32	315
12633at7898	0	94	943
77367at7898	0	3	25
44891at7898	0	47	472
6908at7898	0	135	1185
3133at7898	0	396	1427
42428at7898	0	56	562
103192at7898	0	20	199
11401at7898	0	87	867
51784at7898	0	49	383
75524at7898	0	38	296
32800at7898	0	52	515
50237at7898	0	57	430
20023at7898	0	77	768
57070at7898	0	40	395
81016at7898	0	31	311
17698at7898	0	125	663
61619at7898	0	49	334
16143at7898	0	134	757
58475at7898	0	38	377
53661at7898	0	39	389
48008at7898	0	52	515
19691at7898	0	71	711
10143at7898	0	89	890
99408at7898	0	24	241
41731at7898	0	50	504
68932at7898	0	30	299
59067at7898	0	62	398
1329at7898	0	214	2141
17917at7898	0	171	764
30674at7898	0	57	522
94835at7898	0	28	280
121575at7898	0	14	135
49753at7898	0	46	457
108077at7898	0	31	203
56686at7898	0	51	400
81024at7898	0	30	295
57382at7898	0	57	332
121394at7898	0	25	248
85604at7898	0	26	256
25128at7898	0	66	664
50757at7898	0	48	480
106589at7898	0	19	168
87658at7898	0	29	291
57501at7898	0	40	398
83140at7898	0	27	265
100487at7898	0	34	341
47506at7898	0	46	458
44333at7898	0	43	433
20008at7898	0	69	688
80957at7898	0	32	276
80473at7898	0	33	330
123447at7898	0	19	188
78511at7898	0	31	305
107913at7898	0	20	201
65484at7898	0	37	368
6094at7898	0	120	1157
54092at7898	0	35	300
16490at7898	0	81	813
57453at7898	0	35	348
75441at7898	0	30	299
69640at7898	0	65	390
94685at7898	0	69	480
68714at7898	0	42	323
102227at7898	0	21	206
108833at7898	0	17	173
44170at7898	0	60	601
39460at7898	0	48	475
112533at7898	0	18	179
118421at7898	0	16	159
112660at7898	0	17	171
42447at7898	0	47	470
107546at7898	0	23	194
29462at7898	0	69	685
4610at7898	0	221	1388
53536at7898	0	46	458
82321at7898	0	27	265
129555at7898	0	10	103
110769at7898	0	18	175
118613at7898	0	16	157
27329at7898	0	59	588
11501at7898	0	90	897
101465at7898	0	22	215
52678at7898	0	56	455
107343at7898	0	18	184
106267at7898	0	23	229
16137at7898	0	52	520
124775at7898	0	21	211
2494at7898	0	232	1719
59202at7898	0	44	435
133971at7898	0	8	80
75046at7898	0	46	457
120150at7898	0	16	160
39549at7898	0	55	465
48399at7898	0	71	573
8587at7898	0	154	1042
116181at7898	0	15	150
118569at7898	0	16	161
129107at7898	0	15	147
67875at7898	0	34	341
102341at7898	0	74	398
25151at7898	0	84	673
125481at7898	0	13	132
92289at7898	0	33	326
64267at7898	0	31	311
41365at7898	0	53	531
116723at7898	0	18	182
52607at7898	0	41	410
51464at7898	0	39	386
131763at7898	0	10	95
12994at7898	0	101	1005
60901at7898	0	54	536
64526at7898	0	47	351
40391at7898	0	49	489
33091at7898	0	144	551
84753at7898	0	30	303
99342at7898	0	26	259
16657at7898	0	94	939
81167at7898	0	30	304
68875at7898	0	22	218
5528at7898	0	108	1082
87391at7898	0	26	258
67793at7898	0	32	318
96338at7898	0	21	213
67789at7898	0	32	315
68751at7898	0	40	399
50984at7898	0	43	429
117611at7898	0	16	158
40713at7898	0	128	524
33507at7898	0	80	801
45828at7898	0	89	424
122747at7898	0	12	115
103398at7898	0	32	233
23354at7898	0	82	707
67121at7898	0	40	395
105503at7898	0	23	187
18221at7898	0	83	829
67882at7898	0	36	361
54446at7898	0	42	417
96031at7898	0	19	190
75013at7898	0	35	348
28535at7898	0	62	622
48886at7898	0	45	442
59418at7898	0	51	349
15071at7898	0	92	924
83129at7898	0	23	232
9836at7898	0	112	974
76629at7898	0	28	282
90806at7898	0	25	248
17339at7898	0	85	851
105591at7898	0	28	278
68154at7898	0	31	313
108681at7898	0	19	192
40568at7898	0	54	535
35792at7898	0	58	575
84000at7898	0	27	272
126647at7898	0	15	149
88716at7898	0	38	274
61362at7898	0	41	409
54459at7898	0	55	442
7133at7898	0	146	1463
11598at7898	0	161	1001
27390at7898	0	75	750
64113at7898	0	44	440
58402at7898	0	35	350
114650at7898	0	23	185
30311at7898	0	82	817
31377at7898	0	53	533
41747at7898	0	68	608
111891at7898	0	11	108
116741at7898	0	20	195
7550at7898	0	170	1073
113891at7898	0	14	143
123835at7898	0	16	157
90557at7898	0	25	245
46622at7898	0	47	473
127897at7898	0	9	89
71953at7898	0	31	310
112643at7898	0	16	162
91719at7898	0	23	226
107541at7898	0	22	224
118698at7898	0	22	217
72851at7898	0	35	349
79766at7898	0	34	342
36872at7898	0	53	525
50005at7898	0	46	458
94280at7898	0	25	249
4528at7898	0	72	721
129369at7898	0	9	86
20088at7898	0	88	812
83061at7898	0	28	280
44355at7898	0	53	530
66871at7898	0	34	342
70393at7898	0	62	326
37176at7898	0	45	446
120440at7898	0	15	147
73038at7898	0	30	301
58514at7898	0	42	422
53612at7898	0	32	321
126596at7898	0	20	174
63338at7898	0	49	410
7869at7898	0	104	1042
80283at7898	0	70	236
53080at7898	0	39	387
117787at7898	0	16	163
12843at7898	0	78	783
61487at7898	0	33	330
37804at7898	0	56	557
71640at7898	0	39	188
35448at7898	0	53	527
50418at7898	0	43	428
101853at7898	0	55	295
105171at7898	0	21	208
26199at7898	0	63	626
16020at7898	0	87	771
19868at7898	0	99	994
65995at7898	0	39	388
79254at7898	0	36	359
23898at7898	0	57	568
119901at7898	0	14	136
50265at7898	0	54	536
129359at7898	0	9	93
119428at7898	0	19	189
56570at7898	0	36	355
91818at7898	0	25	254
124762at7898	0	10	104
47827at7898	0	29	293
127998at7898	0	16	158
102063at7898	0	23	226
1867at7898	0	434	1864
92504at7898	0	28	275
65007at7898	0	42	420
31333at7898	0	56	553
119168at7898	0	18	176
22590at7898	0	60	604
128881at7898	0	11	108
6854at7898	0	117	1172
49184at7898	0	43	431
12422at7898	0	108	1077
117262at7898	0	16	156
67217at7898	0	33	333
7847at7898	0	163	1066
108069at7898	0	23	194
47323at7898	0	47	470
77695at7898	0	29	294
127786at7898	0	12	120
56796at7898	0	40	399
36749at7898	0	64	516
49524at7898	0	60	409
112838at7898	0	19	192
8392at7898	0	108	1084
55486at7898	0	44	442
14129at7898	0	131	815
1155at7898	0	205	2053
80423at7898	0	24	243
91966at7898	0	25	252
105324at7898	0	20	204
125846at7898	0	17	173
24753at7898	0	66	658
25409at7898	0	66	660
112566at7898	0	19	185
126824at7898	0	15	145
68630at7898	0	34	337
97666at7898	0	29	292
6926at7898	0	103	1033
57924at7898	0	113	667
92234at7898	0	23	228
59148at7898	0	37	369
89146at7898	0	24	242
69062at7898	0	35	332
116533at7898	0	19	194
48170at7898	0	51	511
34861at7898	0	52	519
111632at7898	0	24	244
108189at7898	0	20	196
126234at7898	0	11	105
52615at7898	0	47	394
107997at7898	0	24	239
131150at7898	0	9	91
6239at7898	0	110	1099
67325at7898	0	35	349
4391at7898	0	183	1830
119906at7898	0	13	133
122416at7898	0	16	157
109207at7898	0	16	162
91375at7898	0	27	271
92625at7898	0	29	293
101590at7898	0	26	213
13894at7898	0	86	863
132958at7898	0	11	112
129062at7898	0	11	106
122954at7898	0	14	138
63702at7898	0	42	418
115130at7898	0	15	153
127378at7898	0	14	140
41487at7898	0	63	514
121154at7898	0	13	129
92023at7898	0	44	435
61447at7898	0	42	316
70420at7898	0	32	319
36538at7898	0	55	506
103017at7898	0	27	271
69177at7898	0	33	328
104214at7898	0	19	193
128519at7898	0	11	112
77760at7898	0	29	290
48879at7898	0	45	451
104401at7898	0	27	267
118888at7898	0	21	190
95923at7898	0	26	257
107461at7898	0	22	224
72677at7898	0	36	358
22444at7898	0	161	728
8605at7898	0	108	1082
40703at7898	0	62	618
84915at7898	0	31	314
61460at7898	0	70	431
60370at7898	0	35	352
42232at7898	0	52	524
110670at7898	0	22	195
74704at7898	0	33	325
113916at7898	0	14	135
27954at7898	0	53	533
44759at7898	0	67	382
86465at7898	0	26	255
83194at7898	0	35	348
105907at7898	0	20	197
23372at7898	0	73	725
18951at7898	0	118	690
33384at7898	0	65	647
46566at7898	0	24	183
135119at7898	0	10	97
56979at7898	0	43	426
57565at7898	0	34	343
85596at7898	0	24	235
91098at7898	0	23	232
108387at7898	0	25	248
2564at7898	0	348	1746
94516at7898	0	22	223
119879at7898	0	35	327
22137at7898	0	71	592
83663at7898	0	31	311
48419at7898	0	50	351
47032at7898	0	67	671
57023at7898	0	37	369
73953at7898	0	36	359
99428at7898	0	24	243
25031at7898	0	117	628
57763at7898	0	37	374
36436at7898	0	50	502
71022at7898	0	41	406
42262at7898	0	45	446
58534at7898	0	79	419
81367at7898	0	99	515
83382at7898	0	26	264
32145at7898	0	52	523
114849at7898	0	18	178
118832at7898	0	18	177
54961at7898	0	46	462
64764at7898	0	34	336
12144at7898	0	99	992
129456at7898	0	9	94
91389at7898	0	29	288
41134at7898	0	62	488
131950at7898	0	13	128
53588at7898	0	42	415
35012at7898	0	53	531
62740at7898	0	35	351
128006at7898	0	25	145
28431at7898	0	202	1180
97386at7898	0	23	230
105095at7898	0	25	250
13411at7898	0	66	656
2857at7898	0	156	1557
50651at7898	0	42	416
85384at7898	0	49	290
8496at7898	0	97	974
94030at7898	0	24	214
83556at7898	0	35	353
31756at7898	0	66	655
98443at7898	0	26	210
24561at7898	0	58	581
33399at7898	0	55	549
51928at7898	0	42	420
89294at7898	0	47	386
82821at7898	0	29	288
110060at7898	0	27	265
116829at7898	0	15	150
114903at7898	0	16	156
28677at7898	0	104	570
115261at7898	0	17	165
78141at7898	0	40	395
5468at7898	0	241	1339
27418at7898	0	117	647
57189at7898	0	43	426
95292at7898	0	27	265
45442at7898	0	45	448
68574at7898	0	28	282
93499at7898	0	36	340
128722at7898	0	10	100
26843at7898	0	91	757
88658at7898	0	26	264
45760at7898	0	44	438
66690at7898	0	36	355
98351at7898	0	25	250
99157at7898	0	19	189
72557at7898	0	36	358
32670at7898	0	55	552
81151at7898	0	30	262
35501at7898	0	55	546
118679at7898	0	51	170
104158at7898	0	18	177
23254at7898	0	56	561
7346at7898	0	298	1398
89012at7898	0	22	220
87446at7898	0	28	279
49986at7898	0	44	436
4973at7898	0	188	993
81049at7898	0	24	242
38233at7898	0	76	414
88484at7898	0	29	293
83797at7898	0	30	303
50607at7898	0	47	414
19617at7898	0	119	681
71271at7898	0	27	272
37963at7898	0	74	455
94258at7898	0	25	246
48033at7898	0	43	426
6211at7898	0	123	1225
61503at7898	0	33	329
91063at7898	0	23	225
8044at7898	0	196	1957
101261at7898	0	20	199
58072at7898	0	43	431
38904at7898	0	65	507
10551at7898	0	101	1006
103926at7898	0	29	285
106177at7898	0	24	243
97169at7898	0	34	240
24250at7898	0	59	587
78585at7898	0	38	362
120952at7898	0	15	154
28474at7898	0	143	827
15080at7898	0	193	1048
25660at7898	0	47	474
78810at7898	0	29	289
41760at7898	0	54	541
14704at7898	0	81	796
92121at7898	0	26	264
112205at7898	0	23	226
125134at7898	0	21	207
74344at7898	0	46	458
114924at7898	0	21	210
76297at7898	0	30	303
54368at7898	0	37	337
59480at7898	0	76	503
9220at7898	0	214	1458
87039at7898	0	27	265
116623at7898	0	20	204
50017at7898	0	71	710
118023at7898	0	18	180
67752at7898	0	37	369
64520at7898	0	30	262
101538at7898	0	48	357
114083at7898	0	18	179
120803at7898	0	14	137
9688at7898	0	184	982
67851at7898	0	35	348
93637at7898	0	18	184
127626at7898	0	14	138
48272at7898	0	45	445
50630at7898	0	76	562
101900at7898	0	41	409
45675at7898	0	49	492
104273at7898	0	22	216
55089at7898	0	42	416
110810at7898	0	19	190
116062at7898	0	23	208
120918at7898	0	12	122
51539at7898	0	71	417
27823at7898	0	164	852
88107at7898	0	20	200
1697at7898	0	193	1927
135112at7898	0	7	69
81631at7898	0	33	298
17260at7898	0	72	720
90442at7898	0	24	241
20592at7898	0	113	741
113131at7898	0	16	164
7580at7898	0	114	1143
114489at7898	0	15	154
97404at7898	0	25	247
63190at7898	0	44	435
65212at7898	0	38	290
36496at7898	0	53	530
25099at7898	0	82	819
38678at7898	0	59	594
76299at7898	0	28	274
101710at7898	0	23	229
10709at7898	0	91	906
61338at7898	0	51	365
52178at7898	0	83	383
74358at7898	0	36	301
121501at7898	0	15	148
103810at7898	0	25	247
39535at7898	0	53	530
131at7898	0	830	4112
59846at7898	0	41	406
125669at7898	0	21	209
59802at7898	0	39	389
97822at7898	0	22	222
89699at7898	0	29	287
92062at7898	0	27	270
54951at7898	0	47	469
59281at7898	0	44	439
53265at7898	0	65	483
21556at7898	0	77	748
128548at7898	0	17	166
83555at7898	0	35	350
54274at7898	0	38	376
54411at7898	0	55	549
110874at7898	0	17	169
63610at7898	0	42	419
65325at7898	0	36	360
17767at7898	0	158	951
125363at7898	0	10	101
100571at7898	0	33	204
55068at7898	0	40	400
74830at7898	0	29	291
45643at7898	0	48	479
48516at7898	0	44	440
123421at7898	0	13	128
71989at7898	0	31	314
53934at7898	0	39	391
13781at7898	0	100	755
79403at7898	0	37	373
62715at7898	0	50	495
87008at7898	0	30	299
92272at7898	0	39	260
120813at7898	0	12	122
120870at7898	0	13	129
136159at7898	0	4	38
134287at7898	0	8	78
5752at7898	0	121	1214
12577at7898	0	164	762
47951at7898	0	58	580
102375at7898	0	22	224
73551at7898	0	39	387
8186at7898	0	227	882
40442at7898	0	143	715
19973at7898	0	72	715
127473at7898	0	16	160
128066at7898	0	13	127
101013at7898	0	22	221
88426at7898	0	27	270
104574at7898	0	24	171
36305at7898	0	55	551
132482at7898	0	10	95
101581at7898	0	22	218
22684at7898	0	77	771
16038at7898	0	97	750
105343at7898	0	21	209
22771at7898	0	69	693
59288at7898	0	51	513
40951at7898	0	47	466
76123at7898	0	39	386
73586at7898	0	29	285
107354at7898	0	21	208
134623at7898	0	10	99
29429at7898	0	88	557
10780at7898	0	99	989
98371at7898	0	22	223
51195at7898	0	41	407
72646at7898	0	35	345
42134at7898	0	51	510
59102at7898	0	48	453
44132at7898	0	63	435
104453at7898	0	21	208
13051at7898	0	91	910
80177at7898	0	28	282
120202at7898	0	21	213
12846at7898	0	174	840
119357at7898	0	14	144
106334at7898	0	32	259
58174at7898	0	51	460
23849at7898	0	70	702
78053at7898	0	27	270
38270at7898	0	86	600
78584at7898	0	38	376
112198at7898	0	21	212
63147at7898	0	56	479
79672at7898	0	41	358
35864at7898	0	49	485
75726at7898	0	40	343
76220at7898	0	40	398
59248at7898	0	35	352
78743at7898	0	40	269
45672at7898	0	57	477
102378at7898	0	20	203
109670at7898	0	20	201
34323at7898	0	49	490
29643at7898	0	122	645
118600at7898	0	16	155
88167at7898	0	28	278
101184at7898	0	20	204
47807at7898	0	49	492
43315at7898	0	49	487
11343at7898	0	106	1064
103287at7898	0	22	215
64741at7898	0	33	333
87018at7898	0	59	285
94373at7898	0	35	347
71426at7898	0	38	378
86875at7898	0	31	306
95540at7898	0	38	261
15950at7898	0	87	870
69559at7898	0	91	910
129054at7898	0	12	117
90314at7898	0	24	244
121451at7898	0	24	238
30282at7898	0	147	730
81769at7898	0	31	314
87214at7898	0	24	235
125416at7898	0	16	162
122672at7898	0	14	137
89543at7898	0	27	238
80583at7898	0	28	280
40837at7898	0	62	562
9174at7898	0	192	1064
80028at7898	0	31	249
85494at7898	0	29	289
109984at7898	0	16	161
33107at7898	0	108	617
111634at7898	0	18	183
67091at7898	0	53	403
65685at7898	0	70	364
58093at7898	0	61	385
18879at7898	0	71	710
36699at7898	0	52	516
117074at7898	0	18	184
76904at7898	0	42	402
78759at7898	0	35	350
42516at7898	0	60	446
87680at7898	0	47	291
84014at7898	0	47	266
85637at7898	0	29	285
46526at7898	0	70	446
41073at7898	0	69	520
19326at7898	0	80	799
103569at7898	0	24	241
33929at7898	0	53	530
114667at7898	0	55	182
6114at7898	0	233	1660
56698at7898	0	42	422
68419at7898	0	96	463
18325at7898	0	80	800
101819at7898	0	24	215
30318at7898	0	57	567
62526at7898	0	57	569
83414at7898	0	27	269
112575at7898	0	21	209
59832at7898	0	41	411
125275at7898	0	10	100
8413at7898	0	222	1159
50422at7898	0	41	411
17801at7898	0	68	681
65057at7898	0	35	351
56484at7898	0	41	410
129108at7898	0	14	140
58471at7898	0	37	369
97125at7898	0	29	289
106597at7898	0	20	203
96192at7898	0	28	276
94399at7898	0	22	219
116510at7898	0	16	159
103467at7898	0	22	220
81157at7898	0	29	293
101431at7898	0	28	276
48745at7898	0	46	461
71298at7898	0	34	342
71322at7898	0	36	364
20347at7898	0	83	828
134102at7898	0	9	85
97208at7898	0	31	311
127469at7898	0	14	138
119896at7898	0	14	140
54828at7898	0	42	418
129688at7898	0	8	75
134141at7898	0	8	75
2517at7898	0	309	1289
76989at7898	0	29	290
3802at7898	0	161	1143
31397at7898	0	92	537
117699at7898	0	18	179
97616at7898	0	23	232
87784at7898	0	29	288
100197at7898	0	25	248
2731at7898	0	204	2038
51242at7898	0	46	456
22170at7898	0	73	730
58537at7898	0	41	414
92454at7898	0	24	236
892at7898	0	360	2491
92900at7898	0	27	266
91863at7898	0	26	260
22507at7898	0	71	709
41979at7898	0	50	498
72580at7898	0	40	403
97887at7898	0	28	232
88055at7898	0	21	208
125819at7898	0	14	142
47137at7898	0	42	421
19074at7898	0	67	667
28311at7898	0	133	1328
37013at7898	0	50	495
83924at7898	0	31	307
87239at7898	0	34	336
13992at7898	0	88	876
94125at7898	0	25	245
7742at7898	0	205	957
124972at7898	0	12	119
23182at7898	0	158	774
63065at7898	0	35	348
93133at7898	0	24	236
50236at7898	0	39	394
53002at7898	0	44	436
30568at7898	0	47	470
42702at7898	0	45	447
11071at7898	0	97	966
25090at7898	0	60	596
116553at7898	0	16	158
87546at7898	0	30	295
133805at7898	0	7	74
1312at7898	0	191	1906
26396at7898	0	62	620
12156at7898	0	96	958
86496at7898	0	33	329
68580at7898	0	31	307
124773at7898	0	13	133
33077at7898	0	84	641
65617at7898	0	62	453
59728at7898	0	61	397
123631at7898	0	14	135
73474at7898	0	31	307
69050at7898	0	34	342
122660at7898	0	19	127
49663at7898	0	45	445
110976at7898	0	18	176
111311at7898	0	24	239
92566at7898	0	20	199
62835at7898	0	117	429
33188at7898	0	46	462
9176at7898	0	106	1057
66456at7898	0	32	323
58982at7898	0	61	383
115408at7898	0	21	212
93058at7898	0	19	193
52648at7898	0	44	435
96217at7898	0	25	249
52590at7898	0	37	367
18473at7898	0	81	806
81429at7898	0	24	244
71418at7898	0	33	334
120668at7898	0	15	154
2652at7898	0	163	1633
6873at7898	0	262	1161
82120at7898	0	28	282
90702at7898	0	28	276
20602at7898	0	68	682
130931at7898	0	8	78
95498at7898	0	24	244
34888at7898	0	55	509
19982at7898	0	79	674
126484at7898	0	13	130
19329at7898	0	100	877
89072at7898	0	31	306
63725at7898	0	102	488
87165at7898	0	23	231
99590at7898	0	19	190
122559at7898	0	12	117
32384at7898	0	78	677
91380at7898	0	33	277
73085at7898	0	38	376
133331at7898	0	7	68
30420at7898	0	104	552
43467at7898	0	48	480
70946at7898	0	31	309
67578at7898	0	40	400
97195at7898	0	29	288
7318at7898	0	127	1181
45291at7898	0	46	460
112514at7898	0	17	167
22583at7898	0	66	663
72575at7898	0	37	349
119386at7898	0	16	156
66096at7898	0	82	323
36692at7898	0	50	501
63810at7898	0	41	407
10816at7898	0	176	982
19346at7898	0	84	817
4361at7898	0	141	1414
39768at7898	0	61	479
59889at7898	0	40	400
43878at7898	0	45	447
96313at7898	0	39	387
41246at7898	0	44	439
58704at7898	0	40	402
49031at7898	0	61	381
47669at7898	0	39	394
128254at7898	0	17	170
9905at7898	0	105	1052
131511at7898	0	11	108
2421at7898	0	186	1857
91787at7898	0	32	323
31865at7898	0	67	674
95590at7898	0	39	393
75660at7898	0	36	361
127316at7898	0	13	133
33723at7898	0	77	500
88351at7898	0	59	394
31458at7898	0	56	563
136410at7898	0	3	25
122037at7898	0	13	134
36249at7898	0	152	844
83058at7898	0	28	278
44544at7898	0	40	402
94567at7898	0	28	277
115152at7898	0	19	186
87291at7898	0	28	284
122962at7898	0	15	148
133837at7898	0	10	100
6262at7898	0	135	1350
134479at7898	0	6	64
105670at7898	0	22	218
82150at7898	0	33	332
5900at7898	0	119	1191
112802at7898	0	17	174
10796at7898	0	164	887
5479at7898	0	273	1076
77417at7898	0	30	299
113694at7898	0	19	194
14074at7898	0	72	722
132034at7898	0	8	81
134268at7898	0	7	71
121971at7898	0	13	130
88998at7898	0	78	438
35145at7898	0	62	511
17850at7898	0	146	771
91963at7898	0	36	206
92593at7898	0	27	271
40629at7898	0	66	664
93924at7898	0	31	248
120040at7898	0	16	158
41489at7898	0	49	492
7953at7898	0	106	1055
45169at7898	0	45	446
30194at7898	0	56	555
131442at7898	0	16	130
56493at7898	0	63	361
1607at7898	0	227	1888
67867at7898	0	33	334
116649at7898	0	24	238
109244at7898	0	21	214
112214at7898	0	23	150
45516at7898	0	47	470
67088at7898	0	37	373
105488at7898	0	18	178
118181at7898	0	16	158
111022at7898	0	18	177
30794at7898	0	54	543
127713at7898	0	14	144
25179at7898	0	70	695
84622at7898	0	36	261
97079at7898	0	24	243
129459at7898	0	10	95
98417at7898	0	43	433
83356at7898	0	27	271
71896at7898	0	39	292
110768at7898	0	17	165
58785at7898	0	71	377
118799at7898	0	14	137
119977at7898	0	13	134
112711at7898	0	20	195
77099at7898	0	29	290
130709at7898	0	7	72
75782at7898	0	29	287
49394at7898	0	44	443
93899at7898	0	23	234
3678at7898	0	126	992
21440at7898	0	106	780
31070at7898	0	59	590
129703at7898	0	10	97
41789at7898	0	95	542
116228at7898	0	19	192
77631at7898	0	39	392
77193at7898	0	33	329
122590at7898	0	17	166
54777at7898	0	36	360
48492at7898	0	43	432
14618at7898	0	70	704
61506at7898	0	35	353
79518at7898	0	37	372
53702at7898	0	46	459
116198at7898	0	16	155
67776at7898	0	73	341
58970at7898	0	66	371
35132at7898	0	50	504
70079at7898	0	39	297
32703at7898	0	50	497
93379at7898	0	23	230
1258at7898	0	413	2043
7429at7898	0	290	968
46295at7898	0	38	377
69656at7898	0	39	303
118865at7898	0	15	149
104419at7898	0	32	324
97886at7898	0	22	221
41681at7898	0	80	449
16220at7898	0	91	775
85205at7898	0	28	281
85487at7898	0	24	237
29849at7898	0	60	597
100668at7898	0	22	218
79391at7898	0	45	451
23629at7898	0	69	687
96410at7898	0	24	239
119251at7898	0	8	78
94707at7898	0	26	263
114888at7898	0	18	181
118393at7898	0	15	148
31280at7898	0	55	551
19772at7898	0	75	753
65974at7898	0	35	339
60988at7898	0	49	485
31176at7898	0	59	585
71485at7898	0	32	316
92824at7898	0	27	267
12524at7898	0	123	658
18939at7898	0	129	699
60389at7898	0	39	389
5058at7898	0	378	1568
131590at7898	0	10	98
44559at7898	0	52	524
87718at7898	0	25	249
103999at7898	0	18	175
29482at7898	0	74	712
116288at7898	0	18	179
24895at7898	0	88	555
31670at7898	0	59	590
43225at7898	0	45	448
52743at7898	0	57	567
21408at7898	0	126	703
50456at7898	0	37	368
83196at7898	0	34	336
133155at7898	0	11	107
53811at7898	0	61	397
56743at7898	0	35	348
11318at7898	0	112	1002
94890at7898	0	21	205
81932at7898	0	28	282
115818at7898	0	18	180
4171at7898	0	137	1374
74855at7898	0	33	329
94570at7898	0	24	236
51064at7898	0	43	426
64107at7898	0	41	407
33517at7898	0	56	556
123608at7898	0	16	158
48424at7898	0	45	451
50685at7898	0	58	445
3359at7898	0	486	1743
74241at7898	0	30	296
48821at7898	0	40	403
11846at7898	0	166	918
129265at7898	0	17	146
107333at7898	0	16	161
44037at7898	0	81	467
21198at7898	0	75	753
97525at7898	0	38	214
39330at7898	0	52	523
99067at7898	0	23	209
76428at7898	0	30	303
128577at7898	0	9	89
69653at7898	0	38	379
70295at7898	0	36	364
29382at7898	0	91	913
33648at7898	0	52	522
36056at7898	0	69	484
123076at7898	0	13	132
97578at7898	0	26	201
3551at7898	0	149	1490
86476at7898	0	38	291
53519at7898	0	43	428
72568at7898	0	39	392
134338at7898	0	8	76
79308at7898	0	27	268
44322at7898	0	52	517
67485at7898	0	28	284
98982at7898	0	25	246
75173at7898	0	30	298
40428at7898	0	56	559
40868at7898	0	47	474
67818at7898	0	45	453
6598at7898	0	123	1234
56068at7898	0	54	541
91336at7898	0	35	226
12639at7898	0	89	887
43762at7898	0	44	440
129826at7898	0	11	112
21247at7898	0	66	659
80641at7898	0	50	498
26997at7898	0	60	597
10795at7898	0	94	941
89298at7898	0	26	260
93195at7898	0	28	278
3037at7898	0	158	1575
16107at7898	0	79	549
80439at7898	0	29	289
77780at7898	0	29	285
41264at7898	0	52	522
99504at7898	0	20	202
128143at7898	0	12	120
46980at7898	0	53	526
42192at7898	0	53	525
67691at7898	0	38	383
23004at7898	0	108	605
66372at7898	0	49	348
25209at7898	0	148	762
108420at7898	0	19	186
117824at7898	0	19	190
46916at7898	0	42	424
94717at7898	0	30	295
129907at7898	0	12	115
35821at7898	0	64	644
133030at7898	0	6	58
128018at7898	0	19	186
23386at7898	0	63	631
103098at7898	0	24	240
23939at7898	0	67	671
31542at7898	0	48	482
122289at7898	0	16	156
117616at7898	0	16	163
27751at7898	0	64	640
83751at7898	0	26	264
45487at7898	0	124	892
124200at7898	0	19	189
26588at7898	0	63	630
23656at7898	0	69	393
77020at7898	0	34	344
90053at7898	0	26	261
94944at7898	0	35	237
54433at7898	0	39	394
7801at7898	0	142	1422
61335at7898	0	35	348
49121at7898	0	45	446
47664at7898	0	60	545
26076at7898	0	62	620
95360at7898	0	33	330
16723at7898	0	83	834
65538at7898	0	37	370
19882at7898	0	62	623
66925at7898	0	40	398
103132at7898	0	24	239
108862at7898	0	20	200
123197at7898	0	19	194
114427at7898	0	21	208
23556at7898	0	165	692
79601at7898	0	34	335
79282at7898	0	32	315
102683at7898	0	19	190
48245at7898	0	47	468
40296at7898	0	32	316
115217at7898	0	20	204
82366at7898	0	36	280
25952at7898	0	73	598
64753at7898	0	37	370
135548at7898	0	5	47
84374at7898	0	28	280
107236at7898	0	11	106
9159at7898	0	101	1008
9010at7898	0	238	1011
106506at7898	0	18	176
13924at7898	0	77	771
91339at7898	0	24	243
96198at7898	0	23	225
56874at7898	0	38	378
102009at7898	0	42	352
46395at7898	0	52	515
1664at7898	0	197	1967
9840at7898	0	151	892
69184at7898	0	32	322
12691at7898	0	91	907
42533at7898	0	47	471
79983at7898	0	32	319
106554at7898	0	25	246
84869at7898	0	28	278
89901at7898	0	27	271
70924at7898	0	79	385
132960at7898	0	12	115
80358at7898	0	30	304
56734at7898	0	55	433
30966at7898	0	74	501
101323at7898	0	19	188
42060at7898	0	67	668
121663at7898	0	13	125
118661at7898	0	14	138
51108at7898	0	36	362
95903at7898	0	26	260
37190at7898	0	99	625
122122at7898	0	18	184
15176at7898	0	90	896
85270at7898	0	26	259
40445at7898	0	64	638
115506at7898	0	20	154
46260at7898	0	49	485
120762at7898	0	19	185
44354at7898	0	49	488
10712at7898	0	120	785
50834at7898	0	47	449
74151at7898	0	30	302
90138at7898	0	46	462
123675at7898	0	15	150
95509at7898	0	29	245
35674at7898	0	69	687
24927at7898	0	70	698
129720at7898	0	13	130
33730at7898	0	54	539
95422at7898	0	58	333
54496at7898	0	77	450
96353at7898	0	22	219
110690at7898	0	23	234
131172at7898	0	12	118
38449at7898	0	62	623
42408at7898	0	49	491
123126at7898	0	14	140
40221at7898	0	56	564
55871at7898	0	43	429
45069at7898	0	53	526
93458at7898	0	74	247
126225at7898	0	11	106
72108at7898	0	36	358
26938at7898	0	60	603
97325at7898	0	30	297
120238at7898	0	14	140
39865at7898	0	51	513
93229at7898	0	29	289
70426at7898	0	34	339
127959at7898	0	9	86
82550at7898	0	28	279
78801at7898	0	34	339
76921at7898	0	29	292
52309at7898	0	37	370
98211at7898	0	23	234
98631at7898	0	32	271
78658at7898	0	34	343
35595at7898	0	109	543
60569at7898	0	40	403
49812at7898	0	45	447
67540at7898	0	37	368
113779at7898	0	18	171
89247at7898	0	23	232
129146at7898	0	15	95
12190at7898	0	91	910
132089at7898	0	8	75
36022at7898	0	55	545
85813at7898	0	37	286
81566at7898	0	35	353
23749at7898	0	65	652
34722at7898	0	52	523
134893at7898	0	13	132
32046at7898	0	54	539
65830at7898	0	35	345
106801at7898	0	23	227
132757at7898	0	7	67
48138at7898	0	50	356
60464at7898	0	67	363
7900at7898	0	92	922
99836at7898	0	22	198
110669at7898	0	18	184
20505at7898	0	76	761
85962at7898	0	39	209
12717at7898	0	135	852
34384at7898	0	94	433
25474at7898	0	125	655
93217at7898	0	27	233
129607at7898	0	10	98
42458at7898	0	48	479
111279at7898	0	21	207
5517at7898	0	126	1258
18819at7898	0	102	618
63126at7898	0	40	395
87943at7898	0	44	401
43538at7898	0	43	434
105186at7898	0	22	216
75081at7898	0	33	329
120581at7898	0	17	167
37539at7898	0	45	448
23916at7898	0	155	716
42894at7898	0	49	494
53187at7898	0	50	496
114088at7898	0	17	171
70959at7898	0	40	329
82639at7898	0	84	535
103734at7898	0	18	183
120265at7898	0	19	147
121503at7898	0	17	168
126037at7898	0	10	98
92507at7898	0	45	259
30668at7898	0	63	628
50043at7898	0	42	421
40578at7898	0	48	439
42084at7898	0	48	484
63579at7898	0	51	305
131577at7898	0	9	94
82790at7898	0	30	298
94238at7898	0	40	358
52334at7898	0	42	424
52824at7898	0	49	485
107103at7898	0	23	186
24967at7898	0	58	582
27449at7898	0	69	694
15404at7898	0	93	932
38888at7898	0	55	550
111890at7898	0	19	188
13471at7898	0	96	961
55198at7898	0	40	398
129589at7898	0	14	144
113664at7898	0	19	194
115442at7898	0	14	142
5566at7898	0	145	1447
87543at7898	0	29	288
124954at7898	0	47	262
92569at7898	0	24	240
131203at7898	0	9	90
98046at7898	0	31	313
1220at7898	0	311	1334
107524at7898	0	21	206
64397at7898	0	64	306
55489at7898	0	48	482
88151at7898	0	29	253
46684at7898	0	52	523
120644at7898	0	15	153
131936at7898	0	10	101
51710at7898	0	44	439
132207at7898	0	118	529
35837at7898	0	65	539
26560at7898	0	89	886
1144at7898	0	322	2160
36097at7898	0	67	671
108265at7898	0	26	256
18334at7898	0	65	646
24617at7898	0	76	616
9404at7898	0	227	961
43954at7898	0	48	479
29897at7898	0	58	577
39682at7898	0	52	517
76722at7898	0	28	275
89877at7898	0	23	229
11195at7898	0	210	856
77339at7898	0	32	323
31899at7898	0	129	519
80149at7898	0	30	302
31061at7898	0	59	570
91625at7898	0	28	275
15237at7898	0	78	779
113442at7898	0	20	197
16098at7898	0	80	795
33380at7898	0	63	632
25442at7898	0	57	570
73220at7898	0	31	312
108047at7898	0	22	216
36988at7898	0	53	528
40346at7898	0	105	461
124333at7898	0	12	118
24013at7898	0	108	594
94496at7898	0	24	235
81379at7898	0	26	261
108441at7898	0	21	208
37813at7898	0	67	538
123172at7898	0	13	129
48248at7898	0	49	490
103675at7898	0	19	186
93322at7898	0	28	278
119463at7898	0	16	159
69242at7898	0	35	349
104834at7898	0	22	166
37903at7898	0	54	539
134265at7898	0	7	69
59275at7898	0	42	420
97276at7898	0	26	225
94641at7898	0	19	190
129524at7898	0	9	94
423at7898	0	1008	3359
112172at7898	0	18	177
52773at7898	0	40	402
62553at7898	0	37	373
30172at7898	0	76	763
94401at7898	0	25	250
101042at7898	0	28	261
118061at7898	0	13	133
14101at7898	0	117	1042
99552at7898	0	26	263
94334at7898	0	28	283
66594at7898	0	30	301
41591at7898	0	59	594
43533at7898	0	68	485
57183at7898	0	40	368
84321at7898	0	30	299
33494at7898	0	51	512
132607at7898	0	11	108
117657at7898	0	18	183
125022at7898	0	20	198
68585at7898	0	30	300
105284at7898	0	19	193
43081at7898	0	94	520
95882at7898	0	19	187
135602at7898	0	7	69
75862at7898	0	25	246
115630at7898	0	19	185
20020at7898	0	99	990
134162at7898	0	8	82
114093at7898	0	17	171
22505at7898	0	90	759
81238at7898	0	30	297
93403at7898	0	18	183
20452at7898	0	67	671
86171at7898	0	26	258
42410at7898	0	77	514
110427at7898	0	21	209
129008at7898	0	18	177
8407at7898	0	95	945
113518at7898	0	16	161
94156at7898	0	23	232
81630at7898	0	39	386
130360at7898	0	23	194
68465at7898	0	80	305
18620at7898	0	135	627
87992at7898	0	32	229
105028at7898	0	22	217
104103at7898	0	20	197
90569at7898	0	28	276
103547at7898	0	19	190
17741at7898	0	85	785
56794at7898	0	42	417
73131at7898	0	29	287
91944at7898	0	26	259
20198at7898	0	89	577
94475at7898	0	27	226
79101at7898	0	29	291
81977at7898	0	29	291
73128at7898	0	29	293
121672at7898	0	15	150
17925at7898	0	68	676
125810at7898	0	12	119
117217at7898	0	20	199
31260at7898	0	121	589
131091at7898	0	11	104
79751at7898	0	34	340
83524at7898	0	31	309
16949at7898	0	71	712
56231at7898	0	41	410
41616at7898	0	58	430
81795at7898	0	35	347
99305at7898	0	23	229
40903at7898	0	48	476
72047at7898	0	30	296
42831at7898	0	76	758
34587at7898	0	87	713
118781at7898	0	21	206
108620at7898	0	22	221
51123at7898	0	40	396
109797at7898	0	34	223
594at7898	0	414	2625
72244at7898	0	31	307
117911at7898	0	16	160
32648at7898	0	53	530
82433at7898	0	46	462
97002at7898	0	28	275
97365at7898	0	27	201
92498at7898	0	28	255
116855at7898	0	16	156
127798at7898	0	16	158
20850at7898	0	76	760
68513at7898	0	34	336
46948at7898	0	45	454
96391at7898	0	26	260
39734at7898	0	94	496
85601at7898	0	28	278
109815at7898	0	27	274
93296at7898	0	25	246
92963at7898	0	31	259
89739at7898	0	37	286
91731at7898	0	27	216
29564at7898	0	60	599
60444at7898	0	53	353
22059at7898	0	76	758
65452at7898	0	59	340
82744at7898	0	48	476
44563at7898	0	55	518
86790at7898	0	32	316
93529at7898	0	23	231
90261at7898	0	30	300
125098at7898	0	13	125
74944at7898	0	33	325
68750at7898	0	37	350
80417at7898	0	29	285
86188at7898	0	26	181
77431at7898	0	35	354
39380at7898	0	49	488
50889at7898	0	43	433
83499at7898	0	30	300
112412at7898	0	18	182
433at7898	0	473	2226
119731at7898	0	18	176
110234at7898	0	17	171
117049at7898	0	16	160
51435at7898	0	39	388
22619at7898	0	68	677
82346at7898	0	27	272
95755at7898	0	25	250
123818at7898	0	17	173
100891at7898	0	20	203
99178at7898	0	22	218
105453at7898	0	20	204
64540at7898	0	35	354
14140at7898	0	83	833
6107at7898	0	109	1091
14956at7898	0	82	818
32288at7898	0	68	514
71617at7898	0	40	312
31685at7898	0	55	554
58580at7898	0	41	338
103338at7898	0	23	227
101523at7898	0	23	203
113946at7898	0	16	162
85031at7898	0	31	306
46144at7898	0	36	362
105789at7898	0	20	196
84058at7898	0	67	373
129623at7898	0	11	112
96125at7898	0	24	225
122989at7898	0	17	170
125016at7898	0	18	144
94433at7898	0	24	238
39156at7898	0	114	489
59000at7898	0	43	426
54547at7898	0	33	332
67154at7898	0	77	409
75764at7898	0	30	295
46548at7898	0	47	468
61925at7898	0	36	356
79989at7898	0	37	287
17670at7898	0	203	755
16744at7898	0	187	750
35473at7898	0	49	491
44396at7898	0	51	510
72401at7898	0	33	334
62906at7898	0	42	422
37314at7898	0	62	618
64783at7898	0	37	369
82257at7898	0	31	307
40468at7898	0	48	484
128072at7898	0	24	243
56588at7898	0	41	412
17680at7898	0	81	811
104223at7898	0	19	191
53564at7898	0	41	412
38362at7898	0	108	568
36114at7898	0	48	479
90996at7898	0	29	290
9061at7898	0	93	932
87030at7898	0	19	189
8916at7898	0	96	962
37283at7898	0	46	456
23745at7898	0	113	699
7219at7898	0	127	1274
66446at7898	0	33	325
19614at7898	0	71	711
56815at7898	0	57	352
128183at7898	0	9	87
100156at7898	0	38	378
8403at7898	0	113	1133
88070at7898	0	26	257
124488at7898	0	13	125
91720at7898	0	27	267
26820at7898	0	65	653
96746at7898	0	27	268
15096at7898	0	122	839
119157at7898	0	34	314
77107at7898	0	48	337
19247at7898	0	129	685
24349at7898	0	88	883
37301at7898	0	57	568
127192at7898	0	11	109
128418at7898	0	9	93
10713at7898	0	206	1089
84923at7898	0	33	326
113743at7898	0	26	259
78824at7898	0	41	406
19616at7898	0	74	736
48499at7898	0	43	432
33687at7898	0	114	647
125983at7898	0	12	121
113818at7898	0	20	196
119485at7898	0	13	133
98518at7898	0	28	278
47934at7898	0	50	500
78962at7898	0	28	279
114700at7898	0	22	219
104789at7898	0	20	200
45373at7898	0	49	488
44556at7898	0	107	601
45463at7898	0	69	431
23799at7898	0	84	703
115329at7898	0	11	110
36250at7898	0	70	657
72939at7898	0	31	314
68387at7898	0	34	339
20504at7898	0	73	728
19073at7898	0	77	767
108025at7898	0	21	187
23786at7898	0	95	549
44859at7898	0	50	501
59947at7898	0	82	454
91147at7898	0	23	231
126724at7898	0	16	107
132114at7898	0	10	100
54360at7898	0	39	389
84755at7898	0	29	286
40244at7898	0	59	591
45368at7898	0	44	440
98465at7898	0	22	209
34019at7898	0	94	531
129806at7898	0	9	92
52973at7898	0	41	410
105260at7898	0	16	158
62557at7898	0	39	392
91171at7898	0	29	290
62882at7898	0	37	368
21574at7898	0	134	803
78470at7898	0	38	384
100028at7898	0	20	197
124201at7898	0	19	186
105584at7898	0	23	227
73414at7898	0	42	415
38025at7898	0	42	395
64654at7898	0	36	295
109739at7898	0	18	176
75601at7898	0	42	273
112177at7898	0	19	193
23396at7898	0	78	638
72611at7898	0	29	292
52708at7898	0	39	391
88154at7898	0	26	263
23246at7898	0	68	675
75989at7898	0	35	283
49906at7898	0	37	372
97046at7898	0	25	247
78023at7898	0	41	276
52418at7898	0	65	437
82116at7898	0	31	308
112615at7898	0	30	296
75955at7898	0	46	336
18317at7898	0	83	829
65333at7898	0	21	180
117085at7898	0	20	197
52860at7898	0	39	394
134772at7898	0	7	70
16891at7898	0	144	853
75469at7898	0	36	357
87318at7898	0	29	287
21337at7898	0	75	747
64537at7898	0	37	366
117297at7898	0	17	172
49251at7898	0	54	539
54244at7898	0	39	374
34972at7898	0	60	595
8190at7898	0	154	1054
8910at7898	0	115	1152
113008at7898	0	40	397
74487at7898	0	33	327
17351at7898	0	91	913
103414at7898	0	29	294
109542at7898	0	22	223
78367at7898	0	35	280
123755at7898	0	14	137
35840at7898	0	97	481
3098at7898	0	128	1277
106566at7898	0	29	287
72007at7898	0	35	349
100418at7898	0	21	149
84778at7898	0	32	285
15118at7898	0	89	868
120540at7898	0	14	143
36198at7898	0	51	509
76597at7898	0	29	288
13906at7898	0	87	865
131219at7898	0	9	87
80526at7898	0	28	279
57675at7898	0	49	487
80115at7898	0	33	334
90116at7898	0	25	237
5736at7898	0	149	1488
67547at7898	0	36	356
100186at7898	0	25	208
41047at7898	0	55	550
132633at7898	0	16	160
26221at7898	0	103	972
44749at7898	0	43	433
26672at7898	0	76	760
34955at7898	0	58	581
109238at7898	0	19	186
73595at7898	0	34	343
114251at7898	0	15	153
52432at7898	0	39	374
37036at7898	0	56	556
85866at7898	0	30	299
112365at7898	0	17	172
67426at7898	0	33	332
2862at7898	0	196	1281
37587at7898	0	53	528
40691at7898	0	49	485
133466at7898	0	8	81
109378at7898	0	19	191
55174at7898	0	39	319
127687at7898	0	9	93
88690at7898	0	26	259
82788at7898	0	27	270
41295at7898	0	51	507
84768at7898	0	36	271
63023at7898	0	41	405
71104at7898	0	37	374
12117at7898	0	185	878
33026at7898	0	57	574
35374at7898	0	79	514
82219at7898	0	29	292
68657at7898	0	81	490
135306at7898	0	9	91
116156at7898	0	15	151
35654at7898	0	51	505
121539at7898	0	18	182
105249at7898	0	19	190
23643at7898	0	72	722
135712at7898	0	7	74
119554at7898	0	25	251
122554at7898	0	12	121
16420at7898	0	118	1178
104761at7898	0	28	239
87177at7898	0	27	273
5200at7898	0	121	1214
12501at7898	0	89	891
57438at7898	0	65	388
49930at7898	0	52	518
51210at7898	0	37	365
129162at7898	0	10	97
85964at7898	0	30	302
114572at7898	0	14	138
132320at7898	0	13	99
62483at7898	0	36	355
55069at7898	0	33	333
16386at7898	0	88	875
22569at7898	0	67	672
91115at7898	0	28	276
8172at7898	0	168	1290
118130at7898	0	20	197
49165at7898	0	78	347
32845at7898	0	45	447
112816at7898	0	16	161
87100at7898	0	26	257
113140at7898	0	17	167
121271at7898	0	30	188
108701at7898	0	21	195
104332at7898	0	19	188
12208at7898	0	99	990
43450at7898	0	48	484
118296at7898	0	15	146
15509at7898	0	141	755
50407at7898	0	72	718
123806at7898	0	15	150
41981at7898	0	43	433
58595at7898	0	36	357
112648at7898	0	17	167
119526at7898	0	19	188
135031at7898	0	7	68
105080at7898	0	22	220
22758at7898	0	62	620
71141at7898	0	31	311
80723at7898	0	43	307
31581at7898	0	59	593
131805at7898	0	8	82
20296at7898	0	215	1318
26269at7898	0	80	798
79837at7898	0	32	316
106707at7898	0	63	634
133785at7898	0	8	79
93009at7898	0	31	308
77393at7898	0	38	274
43260at7898	0	43	433
21851at7898	0	111	674
92142at7898	0	30	302
10463at7898	0	169	950
102815at7898	0	18	181
48415at7898	0	40	397
116at7898	0	912	3531
24251at7898	0	71	711
5622at7898	0	306	1209
1213at7898	0	376	2001
54701at7898	0	39	392
117177at7898	0	17	165
108571at7898	0	21	205
53235at7898	0	86	447
6910at7898	0	120	914
63294at7898	0	37	372
66761at7898	0	48	478
22849at7898	0	62	616
92685at7898	0	25	254
70670at7898	0	36	207
98510at7898	0	62	620
60872at7898	0	42	416
36701at7898	0	40	403
57026at7898	0	45	453
27634at7898	0	65	524
12338at7898	0	119	1044
82549at7898	0	29	286
28530at7898	0	67	669
89467at7898	0	30	296
31514at7898	0	63	630
92906at7898	0	24	244
108747at7898	0	26	257
15023at7898	0	192	798
46756at7898	0	84	472
73141at7898	0	31	283
10242at7898	0	149	649
103348at7898	0	21	212
88010at7898	0	24	239
58175at7898	0	42	423
130844at7898	0	9	93
39507at7898	0	48	479
69837at7898	0	34	336
58345at7898	0	42	417
93901at7898	0	25	245
49483at7898	0	41	407
99115at7898	0	25	246
58316at7898	0	35	350
97622at7898	0	24	237
132119at7898	0	8	77
78131at7898	0	43	218
86866at7898	0	25	253
129431at7898	0	19	185
106887at7898	0	19	188
84199at7898	0	22	217
62150at7898	0	39	333
108805at7898	0	18	177
81279at7898	0	47	470
5000at7898	0	229	1257
101344at7898	0	22	215
7712at7898	0	184	1130
56042at7898	0	43	433
92637at7898	0	30	303
44652at7898	0	51	510
27425at7898	0	60	601
52936at7898	0	41	411
92707at7898	0	24	238
86228at7898	0	84	281
44814at7898	0	100	509
65069at7898	0	39	388
80623at7898	0	38	379
99735at7898	0	22	216
97223at7898	0	56	305
83832at7898	0	25	251
36016at7898	0	56	556
128446at7898	0	12	121
48854at7898	0	71	519
75447at7898	0	29	286
26736at7898	0	104	586
67246at7898	0	44	381
52342at7898	0	48	483
57931at7898	0	31	308
103779at7898	0	20	204
103063at7898	0	17	171
70065at7898	0	36	357
24476at7898	0	106	752
34496at7898	0	50	497
107454at7898	0	23	226
125301at7898	0	13	133
38061at7898	0	53	526
10070at7898	0	97	970
59812at7898	0	38	383
88231at7898	0	25	253
15998at7898	0	76	718
54164at7898	0	60	598
6807at7898	0	110	1103
78628at7898	0	28	274
21731at7898	0	72	720
57346at7898	0	43	433
25901at7898	0	84	836
135449at7898	0	5	51
88845at7898	0	22	220
113465at7898	0	25	241
110314at7898	0	22	222
18990at7898	0	77	769
66771at7898	0	46	433
6978at7898	0	251	1337
48832at7898	0	59	589
48680at7898	0	47	469
34341at7898	0	83	501
22422at7898	0	76	728
13366at7898	0	151	851
83136at7898	0	28	277
91500at7898	0	31	232
110347at7898	0	15	151
70206at7898	0	36	355
10421at7898	0	102	1019
65922at7898	0	35	345
91386at7898	0	28	276
17639at7898	0	72	716
81656at7898	0	30	296
47237at7898	0	45	445
35868at7898	0	54	544
103473at7898	0	23	225
54529at7898	0	39	391
84033at7898	0	29	291
49784at7898	0	54	540
81325at7898	0	24	238
77119at7898	0	35	351
78397at7898	0	28	282
9020at7898	0	104	1042
122398at7898	0	14	140
26025at7898	0	91	914
56156at7898	0	47	467
40344at7898	0	51	512
58644at7898	0	53	411
97597at7898	0	21	211
36447at7898	0	118	547
36863at7898	0	55	479
66630at7898	0	40	399
103607at7898	0	25	245
74339at7898	0	42	424
80799at7898	0	30	303
58661at7898	0	62	618
57018at7898	0	36	364
92174at7898	0	30	297
81374at7898	0	26	256
115081at7898	0	28	280
42806at7898	0	45	451
88626at7898	0	25	250
93212at7898	0	32	278
54912at7898	0	52	364
113115at7898	0	18	128
103865at7898	0	21	205
118003at7898	0	19	194
120216at7898	0	14	143
109356at7898	0	18	182
24064at7898	0	66	662
117664at7898	0	18	182
83716at7898	0	26	261
22535at7898	0	68	682
95722at7898	0	24	240
48898at7898	0	95	434
57608at7898	0	55	391
75454at7898	0	35	350
28729at7898	0	75	543
23296at7898	0	76	764
32287at7898	0	63	634
123062at7898	0	15	151
112080at7898	0	21	211
27988at7898	0	59	592
28017at7898	0	182	710
72550at7898	0	70	361
101684at7898	0	21	213
12210at7898	0	98	979
6083at7898	0	144	1072
90876at7898	0	48	309
86598at7898	0	26	256
100316at7898	0	25	245
90548at7898	0	24	240
33798at7898	0	54	535
55044at7898	0	37	366
45322at7898	0	45	450
76326at7898	0	47	343
36345at7898	0	54	542
99987at7898	0	27	268
84052at7898	0	38	376
21515at7898	0	61	605
38468at7898	0	341	1243
111680at7898	0	30	296
61770at7898	0	50	503
25422at7898	0	66	655
48629at7898	0	65	650
28101at7898	0	58	583
118603at7898	0	15	147
33269at7898	0	84	487
35013at7898	0	80	491
111879at7898	0	17	171
64083at7898	0	38	376
83776at7898	0	43	279
85350at7898	0	24	240
69641at7898	0	31	312
85258at7898	0	39	299
20480at7898	0	119	648
62269at7898	0	48	334
107825at7898	0	22	224
65224at7898	0	55	548
49869at7898	0	52	524
78830at7898	0	35	345
22655at7898	0	77	774
16782at7898	0	128	793
67354at7898	0	36	358
120998at7898	0	30	257
104647at7898	0	25	249
123040at7898	0	12	116
93189at7898	0	26	258
95485at7898	0	21	214
79338at7898	0	26	264
50212at7898	0	62	378
103581at7898	0	20	196
75109at7898	0	30	303
78751at7898	0	29	293
74277at7898	0	29	293
7263at7898	0	138	1380
60173at7898	0	37	365
124690at7898	0	12	121
87454at7898	0	33	329
65533at7898	0	33	333
52966at7898	0	41	410
119726at7898	0	20	195
115662at7898	0	19	190
54510at7898	0	67	667
67122at7898	0	32	318
128381at7898	0	12	120
53896at7898	0	40	403
66781at7898	0	32	323
111241at7898	0	18	183
103973at7898	0	21	213
91225at7898	0	25	248
92044at7898	0	24	235
32518at7898	0	52	522
37593at7898	0	50	499
37701at7898	0	56	564
98011at7898	0	24	236
101520at7898	0	23	228
105040at7898	0	14	139
31714at7898	0	57	519
123003at7898	0	19	185
24538at7898	0	70	698
45398at7898	0	58	583
10556at7898	0	88	882
72506at7898	0	29	291
82863at7898	0	28	284
107368at7898	0	18	182
11834at7898	0	100	789
48856at7898	0	126	426
74722at7898	0	33	330
16080at7898	0	107	1071
18108at7898	0	77	768
128187at7898	0	11	113
48549at7898	0	53	534
3278at7898	0	154	1542
62010at7898	0	36	358
57267at7898	0	40	402
53208at7898	0	50	395
75853at7898	0	27	270
126272at7898	0	15	132
7492at7898	0	323	1792
35281at7898	0	50	503
13847at7898	0	93	927
98562at7898	0	21	214
32951at7898	0	47	466
41759at7898	0	83	671
171at7898	0	793	3979
16364at7898	0	79	794
43458at7898	0	94	548
39654at7898	0	95	576
117505at7898	0	37	219
9725at7898	0	204	936
3552at7898	0	154	1541
82238at7898	0	27	272
22348at7898	0	62	617
14750at7898	0	102	1021
20942at7898	0	135	770
74302at7898	0	34	340
42563at7898	0	44	435
104873at7898	0	19	185
7793at7898	0	182	1105
106239at7898	0	22	223
66325at7898	0	75	418
50228at7898	0	44	444
34691at7898	0	53	534
74444at7898	0	31	307
54447at7898	0	41	325
121252at7898	0	18	180
38898at7898	0	57	567
24280at7898	0	63	631
57604at7898	0	36	355
87158at7898	0	42	424
94741at7898	0	22	221
86429at7898	0	23	229
35030at7898	0	56	517
43150at7898	0	60	604
86658at7898	0	30	304
9337at7898	0	196	1068
84773at7898	0	29	290
55714at7898	0	49	494
49187at7898	0	39	387
54056at7898	0	53	505
40709at7898	0	55	545
35079at7898	0	63	628
110261at7898	0	19	185
89380at7898	0	24	243
45111at7898	0	45	448
70357at7898	0	32	318
69778at7898	0	44	390
116813at7898	0	16	159
61448at7898	0	38	381
44441at7898	0	51	511
64329at7898	0	33	330
126374at7898	0	13	133
